no, err1 0.522121503105 0.612086535606 0.25973310825 0.306513228844 0.000447100595989 0.016888218669 0.653151045908 0.764321958605
no, err2 0.791606057129 0.688776463105 0.368839183488 0.331376865686 -0.00847765376145 0.0646119951285 0.973002585291 0.852805603834
no, err3 1.06053341571 0.677947876594 0.480777089804 0.317937144624 -0.0258154690122 0.11189646894 1.30618505993 0.831679356542
yes, err1 -0.31367608496 0.220861985614 -0.155600036173 0.110839864579 0.00281290748126 0.016440520245 -0.391187104221 0.274113222068
yes, err2 -0.33851211196 0.246611717004 -0.153456763906 0.115379727644 0.0254627837865 0.0606173608853 -0.418981019136 0.28553435341
yes, err3 -0.391053751079 0.284442010093 -0.153392601138 0.115243686187 0.056069382817 0.0997839426983 -0.467229278661 0.339453866462
no, err1 0.165579359986 0.390919649888 0.0829795602729 0.194336615029 0.00185916281347 0.010324442197 0.207198902057 0.490701215802
no, err2 0.227357998223 0.489360550369 0.110699020095 0.228721193481 -0.00470331239758 0.0410775162688 0.29034732723 0.608466283007
yes, err1 -0.119100164004 0.17170515558 -0.0587880388011 0.0850247691888 0.00248497469854 0.0103159721798 -0.147000318323 0.212788076513
yes, err2 -0.124835273697 0.187977405239 -0.0571052141343 0.086149901565 0.00786271584526 0.0396602663229 -0.153184492284 0.221734755266
