53563.43560 17.09 0.09 0
53563.44158 17.15 0.09 0
53563.44757 17.18 0.09 0
53563.45353 17.13 0.09 0
53627.25573 17.07 0.09 0
53627.26225 17.11 0.09 0
53627.26883 17.07 0.09 0
53627.27530 17.17 0.10 0
53636.30152 17.12 0.09 0
53636.31277 17.05 0.09 0
53636.32401 17.04 0.09 0
53636.33525 17.10 0.09 0
53650.28136 17.21 0.09 0
53650.29538 17.08 0.09 0
53650.30242 17.18 0.09 0
53670.26655 17.20 0.09 0
53671.21765 17.07 0.09 0
53671.22739 17.14 0.09 0
53671.23217 17.13 0.09 0
53703.06730 17.16 0.09 0
53703.07905 17.11 0.09 0
53703.08495 17.05 0.09 0
53727.09412 17.19 0.09 0
53727.10367 17.10 0.09 0
53727.10846 17.18 0.09 0
53729.12690 17.11 0.09 0
53729.13023 17.16 0.09 0
53729.14263 17.17 0.09 0
53729.14880 17.18 0.09 0
53757.08518 17.16 0.09 0
53757.10128 17.08 0.09 0
53757.10929 17.13 0.09 0
53758.08579 17.10 0.09 0
53758.09783 17.13 0.09 0
53758.10379 17.11 0.09 0
53766.08617 17.21 0.09 0
53766.09469 17.18 0.09 0
53766.09891 17.09 0.09 0
53767.08345 17.12 0.09 0
53767.09191 17.18 0.09 0
53767.09614 17.18 0.09 0
53937.41918 17.12 0.09 0
53937.42690 17.04 0.09 0
53937.43459 17.14 0.09 0
53937.44231 17.16 0.09 0
53975.37019 17.18 0.09 0
53975.37825 17.13 0.08 0
53975.38632 17.17 0.08 0
53975.39439 17.19 0.09 0
53990.44659 17.15 0.09 0
53990.45298 17.09 0.08 0
53990.45940 17.25 0.09 0
53990.46585 17.16 0.09 0
54024.22857 17.16 0.08 0
54024.24464 17.16 0.08 0
54024.25267 17.17 0.08 0
54025.19410 17.20 0.09 0
54025.20803 17.09 0.08 0
54025.21501 17.13 0.08 0
54027.17867 17.20 0.09 0
54027.19854 17.15 0.08 0
54027.20849 17.10 0.08 0
54028.27919 17.11 0.08 0
54028.30003 17.21 0.09 0
54028.31042 17.10 0.08 0
54029.19137 17.19 0.09 0
54029.21201 17.22 0.09 0
54029.22226 17.17 0.08 0
54030.27684 17.15 0.08 0
54030.28980 17.21 0.09 0
54030.29626 17.18 0.09 0
54050.19780 17.23 0.09 0
54050.21775 17.15 0.08 0
54050.22746 17.20 0.09 0
54052.15956 17.16 0.08 0
54052.17154 17.17 0.08 0
54052.17754 17.18 0.08 0
54056.19065 17.13 0.08 0
54056.20475 17.17 0.08 0
54056.21184 17.18 0.09 0
54080.19631 17.14 0.08 0
54080.20292 17.17 0.09 0
54080.20957 17.13 0.08 0
54080.21617 17.15 0.09 0
54127.08554 17.09 0.09 0
54127.10197 17.18 0.09 0
54127.11017 17.08 0.09 0
54264.45404 17.10 0.11 0
54264.45704 17.01 0.11 0
54345.47860 17.05 0.08 0
54345.48502 17.06 0.09 0
54345.48823 17.04 0.08 0
54377.29316 17.09 0.08 0
54377.30984 17.13 0.08 0
54377.31814 17.18 0.09 0
54393.19373 17.19 0.09 0
54393.20351 17.15 0.09 0
54393.20842 17.05 0.08 0
54404.19816 17.12 0.08 0
54404.21119 17.03 0.08 0
54404.22182 17.18 0.09 0
54411.20799 17.16 0.09 0
54411.22517 17.20 0.09 0
54411.23376 17.18 0.09 0
54416.16880 17.08 0.08 0
54416.18311 17.14 0.08 0
54416.19026 17.11 0.08 0
54421.25718 17.09 0.08 0
54421.27566 17.14 0.09 0
54421.28484 17.16 0.09 0
54439.16966 17.19 0.09 0
54439.18271 17.16 0.09 0
54439.18924 17.11 0.08 0
54449.08364 17.16 0.08 0
54449.09457 17.19 0.09 0
54449.10002 17.14 0.08 0
54477.08947 17.13 0.08 0
54477.10016 17.14 0.08 0
54477.10549 17.16 0.09 0
54729.38035 17.08 0.08 0
54729.39508 17.14 0.09 0
54729.40245 17.13 0.09 0
54738.32196 17.12 0.08 0
54738.33507 16.90 0.08 0
54738.34170 17.14 0.08 0
54747.28117 17.12 0.08 0
54747.29567 17.20 0.08 0
54747.30303 17.14 0.08 0
54768.34991 17.09 0.08 0
54768.36100 17.07 0.08 0
54768.36660 17.13 0.09 0
54778.23690 17.16 0.08 0
54778.26364 17.08 0.08 0
54778.27716 17.06 0.08 0
54789.11942 17.19 0.09 0
54789.13505 17.13 0.08 0
54789.14291 17.13 0.08 0
55042.35016 17.18 0.10 0
55042.36007 17.10 0.10 0
55042.36497 17.13 0.10 0
55043.40831 17.15 0.10 0
55043.42103 17.14 0.10 0
55043.42746 17.21 0.10 0
55072.39642 17.24 0.10 0
55072.41009 17.23 0.10 0
55072.41670 17.16 0.10 0
55073.32286 17.15 0.10 0
55073.33067 17.17 0.11 0
55073.33446 17.14 0.11 0
55084.41182 17.11 0.10 0
55084.42356 17.17 0.10 0
55084.42953 17.09 0.10 0
55113.23712 17.11 0.09 0
55113.24805 17.15 0.09 0
55113.25344 17.18 0.09 0
55114.20389 17.05 0.10 0
55114.20987 17.26 0.11 0
55114.21285 17.08 0.10 0
55157.15073 17.19 0.09 0
55157.16640 17.21 0.09 0
55157.17663 17.14 0.09 0
55181.09427 17.19 0.09 0
55181.09997 17.02 0.08 0
55181.11823 17.17 0.10 0
55181.12399 16.95 0.08 0
55208.07568 17.13 0.09 0
55208.08140 17.21 0.09 0
55208.08714 17.25 0.09 0
55208.09287 17.10 0.09 0
55499.19069 17.15 0.09 0
55499.20658 17.21 0.09 0
55499.21463 17.12 0.09 0
55506.28156 17.15 0.08 0
55506.29971 17.17 0.08 0
55506.30881 17.10 0.08 0
55527.19275 17.14 0.10 0
55527.20919 17.13 0.10 0
55527.21606 17.22 0.11 0
55532.17647 17.13 0.09 0
55532.18667 17.11 0.09 0
55532.19186 17.16 0.09 0
55538.10572 17.08 0.09 0
55538.11482 17.15 0.09 0
55538.11939 17.14 0.09 0
55559.06854 17.18 0.09 0
55559.08557 17.20 0.09 0
55566.07011 17.05 0.08 0
55566.07608 17.12 0.08 0
55566.08206 17.13 0.08 0
55566.08800 17.18 0.08 0
55577.14717 17.14 0.10 0
55577.15493 17.04 0.10 0
55577.16276 17.05 0.10 0
55577.17057 17.19 0.10 0
55588.08536 17.15 0.10 0
55588.09169 17.13 0.10 0
55588.09811 17.09 0.10 0
55588.10442 17.10 0.10 0
55822.45777 17.12 0.08 0
55822.46520 17.23 0.09 0
55822.47269 17.01 0.08 0
55822.48014 17.14 0.09 0
55825.31205 17.16 0.08 0
55825.32020 17.16 0.08 0
55825.32831 17.20 0.08 0
55825.33658 17.21 0.08 0
55850.32477 17.07 0.11 0
55850.33311 17.18 0.11 0
55850.34132 17.10 0.11 0
55850.34941 17.11 0.11 0
55862.16487 17.16 0.09 0
55862.17165 17.08 0.08 0
55862.17846 17.18 0.09 0
55862.18529 17.17 0.09 0
55881.17463 17.17 0.09 0
55881.17971 17.18 0.09 0
55881.18481 17.25 0.09 0
55881.18987 17.24 0.09 0
55888.12659 17.09 0.08 0
55888.13580 17.25 0.09 0
55888.14492 17.19 0.09 0
55888.15409 17.07 0.08 0
55893.16296 17.14 0.09 0
55893.16820 17.15 0.09 0
55893.17337 17.19 0.09 0
55893.17851 17.12 0.09 0
55940.12120 17.14 0.09 0
55940.12625 17.14 0.09 0
55940.13141 17.16 0.09 0
55940.13660 17.21 0.09 0
56164.40761 17.14 0.09 0
56164.41404 17.16 0.09 0
56164.42050 17.19 0.09 0
56164.42693 17.14 0.09 0
56184.34519 17.11 0.09 0
56184.35189 17.23 0.09 0
56184.35864 17.16 0.09 0
56184.36532 17.15 0.09 0
56206.33944 17.12 0.09 0
56206.34619 17.16 0.09 0
56206.35300 17.13 0.09 0
56206.35974 17.19 0.09 0
56222.19906 17.13 0.09 0
56222.20417 17.10 0.09 0
56222.20926 17.10 0.09 0
56222.21435 17.16 0.09 0
56234.14230 17.16 0.09 0
56234.15130 17.06 0.09 0
56234.16032 17.18 0.09 0
56234.16933 17.18 0.09 0
56243.17562 17.11 0.08 0
56243.18194 17.15 0.08 0
56243.18832 17.12 0.08 0
56243.19468 17.14 0.08 0
56266.07449 17.12 0.08 0
56266.07921 17.13 0.08 0
56266.08577 17.22 0.08 0
56266.09055 17.17 0.08 0
56272.15829 17.10 0.08 0
56272.16371 17.18 0.08 0
56272.16917 17.16 0.08 0
56272.17459 17.17 0.08 0
56296.08052 17.05 0.08 0
56296.08749 17.16 0.09 0
56296.09416 17.19 0.09 0
56296.10090 17.14 0.09 0
56302.07661 17.10 0.09 0
56302.08236 17.17 0.10 0
56302.08743 17.18 0.10 0
56302.09247 17.30 0.11 0
56540.36229 17.16 0.09 0
56540.36778 17.20 0.09 0
56540.37334 17.16 0.09 0
56540.37896 17.17 0.09 0
56541.33706 17.22 0.09 0
56541.34438 17.17 0.09 0
56541.35170 17.17 0.09 0
56541.35911 17.08 0.09 0
56560.27163 17.12 0.09 0
56560.27998 17.12 0.09 0
56560.28832 17.21 0.09 0
56560.29677 17.12 0.09 0
