53563.43294 17.13 0.09 0
53563.43889 16.96 0.09 0
53563.44486 17.07 0.09 0
53563.45087 17.07 0.09 0
53627.25625 17.02 0.09 0
53627.26280 17.03 0.09 0
53627.26935 17.12 0.09 0
53627.27583 17.07 0.09 0
53636.30098 17.01 0.09 0
53636.31224 16.97 0.08 0
53636.32348 17.03 0.09 0
53636.33472 17.04 0.09 0
53650.28188 17.08 0.09 0
53650.28889 16.95 0.09 0
53650.29591 17.06 0.09 0
53650.30296 17.04 0.09 0
53655.28194 17.08 0.09 0
53655.28692 17.05 0.09 0
53655.29191 17.14 0.09 0
53655.29689 17.16 0.09 0
53670.26815 17.07 0.08 0
53703.06677 17.06 0.09 0
53703.07264 17.07 0.09 0
53703.07852 17.03 0.08 0
53703.08442 17.00 0.08 0
53710.09892 17.11 0.09 0
53710.10531 16.97 0.08 0
53710.11168 17.02 0.08 0
53710.11803 17.11 0.09 0
53746.11219 16.92 0.08 0
53746.11790 17.07 0.09 0
53746.12361 16.94 0.08 0
53746.12931 17.00 0.09 0
53757.08786 16.99 0.08 0
53757.09592 17.08 0.09 0
53757.10392 17.09 0.09 0
53757.11193 17.08 0.09 0
53766.08564 17.02 0.08 0
53766.08987 17.04 0.09 0
53766.09416 17.09 0.09 0
53766.09838 17.10 0.09 0
53767.08292 17.04 0.09 0
53767.08716 16.93 0.09 0
53767.09138 16.85 0.09 0
53767.09561 17.03 0.10 0
53990.44606 16.99 0.08 0
53990.45245 16.89 0.08 0
53990.45887 16.94 0.08 0
53990.46530 17.08 0.08 0
53996.27170 17.05 0.08 0
53996.27885 16.97 0.08 0
53996.28600 17.05 0.08 0
53996.29316 17.04 0.08 0
54008.25186 17.05 0.08 0
54008.26160 17.07 0.08 0
54008.27136 16.99 0.08 0
54008.28111 17.08 0.08 0
54024.22910 17.10 0.08 0
54024.23712 17.05 0.08 0
54024.24518 17.09 0.08 0
54024.25320 17.09 0.08 0
54030.28057 17.01 0.08 0
54030.28704 16.97 0.08 0
54030.29353 17.08 0.08 0
54030.30001 17.06 0.08 0
54081.18905 17.03 0.08 0
54081.19453 17.08 0.08 0
54081.20004 17.05 0.08 0
54081.20552 16.94 0.08 0
54127.08601 17.06 0.09 0
54127.09424 17.01 0.09 0
54127.10244 17.05 0.09 0
54127.11065 17.05 0.09 0
54345.47594 17.04 0.08 0
54345.47913 17.08 0.09 0
54345.48234 17.11 0.09 0
54345.48555 17.09 0.09 0
54351.41324 17.02 0.08 0
54355.26297 17.08 0.08 0
54355.26940 17.08 0.08 0
54355.27585 17.01 0.08 0
54355.28229 17.13 0.09 0
54377.28941 17.09 0.08 0
54377.29775 17.05 0.08 0
54377.30608 17.05 0.08 0
54377.31439 17.04 0.08 0
54385.19830 17.04 0.08 0
54385.20579 17.08 0.08 0
54385.21324 17.13 0.08 0
54385.22065 17.00 0.08 0
54392.24681 17.03 0.08 0
54392.25339 17.03 0.08 0
54392.25996 17.07 0.08 0
54392.26654 17.06 0.08 0
54404.24146 17.07 0.08 0
54404.25012 16.99 0.08 0
54404.25658 16.99 0.08 0
54404.26302 17.07 0.08 0
54411.19995 17.08 0.08 0
54411.20853 17.08 0.08 0
54411.21712 17.07 0.08 0
54411.22571 17.11 0.08 0
54421.25665 16.96 0.08 0
54421.26586 17.06 0.08 0
54421.27512 17.00 0.08 0
54421.28431 17.05 0.08 0
54466.11384 16.85 0.08 0
54466.12033 17.07 0.08 0
54466.12681 17.11 0.08 0
54466.13328 17.04 0.08 0
54477.09322 17.00 0.08 0
54477.09856 17.08 0.08 0
54477.10388 17.06 0.08 0
54477.10926 17.03 0.08 0
54715.31060 17.07 0.08 0
54715.31704 17.04 0.08 0
54715.32349 17.07 0.08 0
54715.32995 17.06 0.08 0
54729.37657 17.08 0.08 0
54729.38396 17.00 0.08 0
54729.39132 17.12 0.08 0
54729.39870 17.10 0.08 0
54738.31892 16.96 0.08 0
54738.32553 17.09 0.08 0
54738.33208 17.08 0.08 0
54738.33872 17.00 0.08 0
54747.28301 17.07 0.08 0
54747.29024 17.05 0.08 0
54747.29752 17.08 0.08 0
54747.30487 17.05 0.08 0
54768.34929 17.01 0.08 0
54768.35485 17.08 0.08 0
54768.36039 17.05 0.08 0
54768.36600 17.05 0.08 0
54778.23447 16.99 0.08 0
54778.24784 16.98 0.08 0
54778.26119 17.01 0.08 0
54778.27471 17.03 0.08 0
55043.40874 17.01 0.09 0
55043.41511 17.05 0.10 0
55043.42145 17.02 0.09 0
55043.42795 17.06 0.10 0
55073.32432 17.08 0.10 0
55073.32821 17.06 0.10 0
55073.33214 16.99 0.10 0
55073.33594 17.02 0.10 0
55084.40885 16.83 0.09 0
55084.41479 17.02 0.09 0
55084.42062 16.80 0.09 0
55084.42656 17.10 0.10 0
55113.26210 16.97 0.08 0
55113.26927 17.08 0.08 0
55113.27653 17.04 0.08 0
55113.28377 17.01 0.08 0
55153.14134 17.03 0.08 0
55153.14856 17.00 0.08 0
55153.15585 17.04 0.08 0
55153.16308 17.04 0.08 0
55181.09370 17.06 0.08 0
55181.09940 17.06 0.08 0
55181.11766 17.03 0.08 0
55181.12342 17.03 0.08 0
55456.30501 17.11 0.09 0
55456.31766 16.94 0.09 0
55456.32445 17.07 0.09 0
55497.22415 17.01 0.08 0
55497.23805 16.98 0.08 0
55497.24498 16.95 0.08 0
55506.28231 17.04 0.08 0
55506.30048 16.95 0.07 0
55506.30958 17.03 0.08 0
55514.21772 17.02 0.08 0
55514.23262 17.16 0.09 0
55514.24014 17.04 0.08 0
55530.15284 17.01 0.08 0
55530.16703 17.05 0.08 0
55530.17423 17.06 0.08 0
55577.11660 17.05 0.09 0
55577.12437 16.94 0.09 0
55577.13208 17.19 0.10 0
55577.13983 16.99 0.09 0
55588.08716 16.99 0.09 0
55588.09356 17.07 0.10 0
55588.09993 16.93 0.09 0
55588.10629 16.87 0.09 0
55822.45721 17.10 0.08 0
55822.46463 17.06 0.08 0
55822.47210 17.05 0.08 0
55822.47957 17.17 0.09 0
55825.31137 16.99 0.08 0
55825.31954 17.14 0.08 0
55825.32762 17.10 0.08 0
55825.33590 17.09 0.08 0
55849.29737 17.04 0.08 0
55849.30582 17.03 0.08 0
55849.31429 16.99 0.08 0
55849.32277 17.13 0.09 0
55862.16712 16.90 0.08 0
55862.17393 16.95 0.08 0
55862.18075 17.12 0.08 0
55862.18757 17.09 0.08 0
55881.17183 17.02 0.08 0
55881.17688 16.97 0.08 0
55881.18200 17.09 0.08 0
55881.18707 17.04 0.08 0
55893.16241 17.04 0.08 0
55893.16758 17.04 0.08 0
55893.17279 16.98 0.08 0
55893.17795 17.02 0.08 0
56184.34575 17.08 0.09 0
56184.35246 16.95 0.08 0
56184.35921 17.04 0.08 0
56184.36587 17.06 0.08 0
56191.32849 17.06 0.09 0
56191.33409 17.04 0.09 0
56191.33975 16.98 0.08 0
56191.34544 17.01 0.08 0
56206.34001 17.02 0.08 0
56206.34675 17.17 0.09 0
56206.35356 16.96 0.08 0
56206.36031 16.99 0.08 0
56222.19510 17.04 0.08 0
56222.20019 17.08 0.09 0
56222.20530 17.06 0.08 0
56222.21040 17.01 0.08 0
56235.17945 17.02 0.08 0
56235.18844 17.12 0.09 0
56235.19750 17.05 0.08 0
56235.20664 17.04 0.08 0
56274.10611 17.03 0.08 0
56274.11152 17.00 0.08 0
56274.11697 17.13 0.08 0
56274.12240 17.04 0.08 0
56296.08106 17.00 0.08 0
56296.08803 16.97 0.08 0
56296.09472 17.08 0.08 0
56296.10146 17.02 0.09 0
56540.30159 17.02 0.09 0
56540.30657 17.05 0.09 0
56540.31157 17.08 0.09 0
56540.31656 17.01 0.09 0
56541.33876 17.05 0.09 0
56541.34607 17.04 0.09 0
56541.35344 17.10 0.09 0
56541.36081 16.96 0.09 0
56550.31042 17.00 0.09 0
56550.31541 17.04 0.09 0
56550.32033 16.99 0.09 0
56550.32537 17.03 0.09 0
56560.27440 17.13 0.09 0
56560.28279 17.03 0.08 0
56560.29112 17.07 0.08 0
56560.29963 17.11 0.08 0
