53481.47381 17.37 0.10 0
53481.47775 17.44 0.10 0
53481.48163 17.36 0.10 0
53481.48552 17.56 0.11 0
53494.44115 17.48 0.10 0
53494.44548 17.40 0.10 0
53494.44978 17.44 0.10 0
53494.45409 17.49 0.10 0
53505.42058 17.49 0.10 0
53505.42900 17.53 0.10 0
53505.43746 17.46 0.10 0
53505.44593 17.54 0.10 0
53524.43654 17.32 0.09 0
53524.44311 17.36 0.09 0
53524.44970 17.42 0.09 0
53524.45636 17.38 0.09 0
53530.40543 17.36 0.09 0
53530.40974 17.38 0.09 0
53530.41404 17.28 0.09 0
53530.41834 17.45 0.09 0
53551.37015 17.48 0.10 0
53551.37772 17.53 0.10 0
53551.38533 17.48 0.10 0
53551.39287 17.44 0.10 0
53562.33482 17.48 0.10 0
53562.34293 17.36 0.09 0
53562.35103 17.50 0.10 0
53562.35912 17.47 0.10 0
53567.38096 17.38 0.10 0
53567.38678 17.40 0.10 0
53567.39247 17.34 0.10 0
53567.39821 17.42 0.10 0
53637.17664 17.44 0.10 0
53637.18414 17.32 0.09 0
53637.19165 17.37 0.10 0
53637.19915 17.44 0.10 0
53644.16756 17.56 0.10 0
53644.17206 17.34 0.10 0
53644.17663 17.47 0.10 0
53644.18117 17.50 0.10 0
53653.13396 17.43 0.10 0
53653.14144 17.35 0.10 0
53653.14898 17.50 0.10 0
53653.15648 17.39 0.10 0
53670.11797 17.32 0.09 0
53670.12432 17.40 0.09 0
53670.13067 17.27 0.09 0
53670.13702 17.48 0.10 0
53686.13421 17.48 0.10 0
53686.14002 17.48 0.10 0
53686.14584 17.39 0.10 0
53686.15166 17.44 0.10 0
53696.05730 17.46 0.10 0
53696.06212 17.46 0.10 0
53696.06695 17.47 0.10 0
53696.07177 17.41 0.09 0
53706.06693 17.38 0.09 0
53706.07230 17.39 0.09 0
53706.07769 17.53 0.10 0
53706.08314 17.39 0.10 0
53712.07259 17.42 0.12 0
53712.07687 17.55 0.12 0
53712.08110 17.46 0.11 0
53712.08537 17.36 0.11 0
53848.47274 17.50 0.11 0
53848.47948 17.44 0.11 0
53848.48630 17.46 0.11 0
53848.49308 17.62 0.11 0
53875.43744 17.58 0.10 0
53875.44180 17.61 0.11 0
53875.44616 17.61 0.10 0
53875.45050 17.46 0.10 0
53881.38658 17.39 0.09 0
53881.39686 17.45 0.09 0
53881.40730 17.44 0.09 0
53881.41763 17.49 0.09 0
53887.35020 17.57 0.11 0
53887.35936 17.40 0.10 0
53887.36795 17.33 0.10 0
53887.37656 17.41 0.10 0
53903.36442 17.54 0.25 0
53903.36545 17.37 0.22 0
53903.36653 17.34 0.22 0
53903.36759 17.38 0.22 0
53917.32339 17.57 0.11 0
53917.32981 17.33 0.10 0
53917.33621 17.41 0.10 0
53917.34261 17.37 0.10 0
53937.29931 17.45 0.10 0
53937.30630 17.41 0.10 0
53937.31329 17.43 0.10 0
53937.32028 17.47 0.10 0
53989.14722 17.53 0.10 0
53989.15315 17.52 0.10 0
53989.16053 17.49 0.09 0
53989.16644 17.42 0.09 0
53996.13980 17.42 0.09 0
53996.14508 17.38 0.09 0
53996.15039 17.44 0.09 0
53996.15568 17.37 0.09 0
54001.15779 17.40 0.09 0
54001.16417 17.49 0.09 0
54001.17058 17.46 0.09 0
54001.17700 17.52 0.10 0
54030.12546 17.44 0.09 0
54030.13189 17.42 0.09 0
54030.13833 17.35 0.09 0
54030.14476 17.40 0.09 0
54037.13165 17.30 0.09 0
54037.13807 17.55 0.10 0
54037.14453 17.55 0.10 0
54037.15096 17.40 0.09 0
54055.07651 17.27 0.09 0
54055.08534 17.53 0.09 0
54055.09415 17.39 0.09 0
54055.10296 17.51 0.09 0
54059.05567 17.61 0.10 0
54059.06214 17.37 0.09 0
54060.05302 17.63 0.10 0
54060.05896 17.54 0.09 0
54060.06487 17.37 0.09 0
54060.07080 17.44 0.09 0
54070.09614 17.42 0.12 0
54070.10050 17.27 0.11 0
54070.10490 17.57 0.13 0
54070.10927 17.37 0.12 0
54081.07564 17.36 0.09 0
54081.08059 17.42 0.09 0
54081.08554 17.51 0.10 0
54081.09047 17.44 0.09 0
54208.48289 17.42 0.11 0
54208.48612 17.59 0.11 0
54208.48934 17.44 0.11 0
54208.49260 17.45 0.11 0
54236.44838 17.39 0.10 0
54236.45161 17.08 0.12 0
54236.45485 17.51 0.13 0
54236.45813 17.30 0.10 0
54244.40440 17.43 0.10 0
54244.40930 17.48 0.10 0
54244.41415 17.40 0.09 0
54244.41900 17.45 0.10 0
54259.38677 17.41 0.09 0
54259.39324 17.45 0.10 0
54259.39969 17.35 0.09 0
54259.40616 17.35 0.09 0
54266.33549 17.49 0.10 0
54266.34435 17.53 0.10 0
54266.35318 17.44 0.10 0
54266.36205 17.48 0.10 0
54277.36378 17.45 0.10 0
54277.36973 17.43 0.10 0
54277.37570 17.50 0.10 0
54277.38168 17.53 0.10 0
54299.32270 17.38 0.10 0
54299.34877 17.31 0.11 0
54299.35052 17.26 0.11 0
54354.19355 17.36 0.09 0
54354.19997 17.44 0.10 0
54354.20638 17.43 0.09 0
54354.21279 17.58 0.10 0
54380.12582 17.60 0.10 0
54380.13170 17.46 0.09 0
54380.13758 17.55 0.10 0
54380.14347 17.44 0.09 0
54386.15166 17.46 0.09 0
54386.15924 17.57 0.10 0
54386.16682 17.37 0.09 0
54386.17439 17.57 0.10 0
54407.15760 17.42 0.09 0
54407.16491 17.37 0.09 0
54407.17214 17.57 0.10 0
54407.17939 17.45 0.09 0
54413.08273 17.26 0.09 0
54413.08818 17.46 0.09 0
54413.09362 17.29 0.09 0
54413.09902 17.45 0.09 0
54591.41799 17.58 0.10 0
54591.42184 17.24 0.09 0
54591.42573 17.44 0.09 0
54591.42959 17.31 0.09 0
54601.42130 17.48 0.10 0
54601.42844 17.45 0.10 0
54601.43394 17.40 0.09 0
54601.43949 17.46 0.10 0
54624.35644 17.30 0.08 0
54624.36308 17.33 0.09 0
54624.36971 17.42 0.09 0
54624.37631 17.45 0.09 0
54730.20318 17.47 0.09 0
54730.20957 17.41 0.09 0
54730.21599 17.50 0.09 0
54730.22240 17.55 0.10 0
54740.12247 17.52 0.10 0
54740.13031 17.68 0.10 0
54740.13824 17.31 0.11 0
54740.14935 17.49 0.10 0
54740.15722 17.46 0.10 0
54740.16519 17.37 0.09 0
54740.17311 17.39 0.09 0
54767.09811 17.49 0.09 0
54767.10501 17.49 0.09 0
54767.11351 17.50 0.09 0
54767.12205 17.51 0.09 0
54767.13053 17.48 0.09 0
54788.06659 17.59 0.10 0
54788.07260 17.51 0.09 0
54788.07862 17.38 0.09 0
54788.08467 17.58 0.10 0
54806.05945 17.35 0.10 0
54806.06385 17.64 0.12 0
54806.06815 17.37 0.11 0
54806.07247 17.67 0.12 0
54822.06468 17.59 0.10 0
54822.07005 17.60 0.10 0
54822.07554 17.59 0.10 0
54822.08098 17.62 0.10 0
54952.43633 17.35 0.09 0
54952.44366 17.40 0.10 0
54952.45089 17.38 0.09 0
54952.45825 17.39 0.09 0
54978.38904 17.54 0.10 0
54978.39761 17.44 0.10 0
54978.40611 17.46 0.10 0
54978.41454 17.59 0.10 0
54997.40479 17.39 0.09 0
54997.41079 17.53 0.10 0
54997.41685 17.37 0.09 0
54997.42275 17.28 0.09 0
55040.26653 17.41 0.09 0
55040.27274 17.44 0.10 0
55040.27895 17.51 0.10 0
55040.28492 17.46 0.10 0
55058.26414 17.54 0.09 0
55058.27141 17.33 0.08 0
55058.27858 17.51 0.09 0
55058.28582 17.37 0.09 0
55071.16200 17.29 0.11 0
55071.16792 17.46 0.11 0
55071.17382 17.51 0.11 0
55092.20310 17.45 0.10 0
55092.21158 17.44 0.10 0
55092.21991 17.50 0.10 0
55092.22834 17.41 0.09 0
55098.16733 17.36 0.11 0
55098.17226 17.45 0.11 0
55098.17719 17.35 0.11 0
55098.18192 17.49 0.11 0
55128.12049 17.43 0.09 0
55128.12959 17.51 0.10 0
55128.13878 17.46 0.10 0
55128.14783 17.53 0.10 0
55141.09227 17.54 0.10 0
55141.09896 17.53 0.10 0
55141.10544 17.42 0.09 0
55141.11206 17.58 0.13 0
55154.06447 17.50 0.11 0
55154.07031 17.54 0.11 0
55154.07601 17.49 0.11 0
55154.08177 17.35 0.11 0
55326.42351 17.41 0.10 0
55326.43090 17.36 0.09 0
55326.43847 17.45 0.10 0
55326.44600 17.40 0.09 0
55334.41331 17.32 0.09 0
55334.41910 17.39 0.10 0
55334.42489 17.51 0.12 0
55334.43826 17.37 0.10 0
55340.38996 17.48 0.10 0
55340.39455 17.50 0.10 0
55340.39923 17.53 0.10 0
55340.40392 17.50 0.10 0
55352.37910 17.36 0.09 0
55352.38655 17.41 0.09 0
55352.39440 17.41 0.09 0
55352.40185 17.52 0.10 0
55360.32855 18.00 0.12 0
55360.33264 17.49 0.10 0
55360.33668 17.40 0.10 0
55360.34075 17.47 0.10 0
55381.27041 17.43 0.10 0
55381.27509 17.49 0.10 0
55381.27968 17.49 0.10 0
55381.28422 17.39 0.10 0
55454.23119 17.46 0.09 0
55454.24604 17.53 0.10 0
55454.25351 17.46 0.09 0
55478.14575 17.39 0.09 0
55478.16165 17.36 0.09 0
55478.16966 17.59 0.10 0
55482.09585 17.56 0.10 0
55482.10843 17.48 0.10 0
55482.11479 17.48 0.10 0
55506.11344 17.65 0.12 0
55506.12446 17.45 0.11 0
55506.12992 17.50 0.11 0
55517.09091 17.25 0.11 0
55517.10274 17.51 0.12 0
55517.10855 17.51 0.12 0
55528.09505 17.58 0.12 0
55528.10593 17.44 0.11 0
55528.11133 17.63 0.12 0
55679.45497 17.45 0.09 0
55679.46185 17.50 0.09 0
55679.46878 17.48 0.09 0
55679.47566 17.58 0.09 0
55694.41403 17.47 0.11 0
55694.42267 17.54 0.11 0
55694.43105 17.64 0.11 0
55694.43938 17.58 0.11 0
55706.41664 17.72 0.11 0
55706.42591 17.55 0.10 0
55706.43591 17.60 0.10 0
55706.44531 17.63 0.10 0
55715.40197 17.56 0.10 0
55715.40773 17.44 0.10 0
55715.41357 17.46 0.10 0
55715.41937 17.46 0.10 0
55823.17423 17.34 0.09 0
55823.18172 17.51 0.09 0
55823.18901 17.50 0.09 0
55823.19635 17.50 0.09 0
55834.12458 17.38 0.09 0
55834.13254 17.44 0.09 0
55834.14052 17.36 0.09 0
55834.14850 17.44 0.09 0
55850.15563 17.45 0.12 0
55850.16359 17.45 0.12 0
55850.17165 17.25 0.12 0
55850.18018 17.51 0.13 0
56061.41531 17.42 0.10 0
56061.42331 17.59 0.10 0
56061.43202 17.43 0.10 0
56061.43994 17.44 0.10 0
56076.40059 17.47 0.10 0
56076.40852 17.38 0.10 0
56076.41661 17.41 0.10 0
56076.42460 17.37 0.10 0
56091.37057 17.53 0.10 0
56091.37674 17.47 0.10 0
56091.38289 17.50 0.10 0
56091.38907 17.46 0.10 0
56164.15027 17.61 0.10 0
56164.15537 17.42 0.10 0
56164.16058 17.40 0.10 0
56164.16579 17.51 0.10 0
56185.24060 17.43 0.09 0
56185.24974 17.38 0.09 0
56185.25894 17.44 0.09 0
56185.26807 17.53 0.09 0
56192.16364 17.52 0.10 0
56192.16882 17.55 0.10 0
56192.17396 17.48 0.10 0
56192.17907 17.46 0.10 0
56204.09508 17.40 0.10 0
56204.10244 17.53 0.10 0
56204.10977 17.40 0.10 0
56204.11711 17.30 0.09 0
56227.16984 17.42 0.10 0
56227.17431 17.18 0.10 0
56227.17878 17.60 0.11 0
56227.18328 17.29 0.10 0
56239.08138 17.30 0.12 0
56239.08291 17.39 0.12 0
56239.08443 17.40 0.12 0
56239.08600 17.55 0.13 0
56253.10471 17.56 0.10 0
56253.10980 17.43 0.10 0
56253.11481 17.45 0.10 0
56253.11991 17.32 0.09 0
56264.06461 17.49 0.10 0
56264.07271 17.39 0.09 0
56264.07715 17.41 0.09 0
56264.08165 17.32 0.09 0
56424.46062 17.50 0.10 0
56424.46459 17.44 0.10 0
56424.46855 17.36 0.10 0
56424.47249 17.54 0.10 0
56431.42178 17.45 0.10 0
56431.42690 17.32 0.10 0
56431.43198 17.27 0.09 0
56431.43714 17.39 0.10 0
56444.41961 17.40 0.10 0
56444.42813 17.39 0.10 0
56444.43660 17.41 0.10 0
56444.44510 17.47 0.10 0
56455.32567 17.47 0.11 0
56455.33016 17.49 0.10 0
56455.33473 17.51 0.10 0
56455.33921 17.36 0.10 0
56463.38958 17.31 0.09 0
56463.39410 17.46 0.10 0
56463.39856 17.41 0.10 0
56463.40310 17.40 0.10 0
56513.29811 17.41 0.10 0
56513.30535 17.42 0.10 0
56513.31256 17.36 0.10 0
56513.31984 17.48 0.10 0
56532.19239 17.50 0.10 0
56532.19914 17.40 0.10 0
56532.20580 17.36 0.10 0
56532.21251 17.46 0.10 0
56540.23043 17.30 0.10 0
56540.23599 17.43 0.10 0
56540.24162 17.44 0.10 0
56540.24723 17.38 0.10 0
56549.21109 17.51 0.10 0
56549.21828 17.59 0.10 0
56549.22551 17.52 0.10 0
56549.23478 17.48 0.10 0
56558.18918 17.39 0.10 0
56558.19754 17.34 0.09 0
56558.20606 17.54 0.10 0
56558.21449 17.59 0.10 0
56564.09641 17.52 0.09 0
56564.10246 17.40 0.09 0
56564.10857 17.48 0.09 0
56564.11463 17.49 0.09 0
