 53481.4831     19.3565      0.1585      2.0000      3.3816
 53494.4460     19.1723      0.0938      4.0000     17.9879
 53505.4322     19.2337      0.0991      4.0000      2.1296
 53524.4431     19.1065      0.1019      3.0000      5.5803
 53551.3853     19.2294      0.0956      4.0000      5.5508
 53559.3288     19.2171      0.0975      4.0000      2.8459
 53562.3518     19.3139      0.1022      4.0000      0.9164
 53567.3912     19.1397      0.0996      4.0000      1.0274
 53639.1637     19.3458      0.1046      4.0000      3.9772
 53646.1538     19.3138      0.1035      4.0000     11.4324
 53653.1570     19.6900      0.2600      1.0000      0.0000
 53669.1857     19.3077      0.1030      4.0000      1.8778
 53686.1595     19.2673      0.1192      3.0000      0.0501
 53706.0935     19.3094      0.1013      4.0000      3.8426
 53834.4941     19.4500      0.1764      2.0000      0.0000
 53848.4800     19.0800      0.2100      1.0000      0.0000
 53861.4465     19.4038      0.1106      4.0000      5.3116
 53875.4423     18.8429      0.1177      2.0000      6.0433
 53881.4003     19.2572      0.0922      4.0000     10.8763
 53907.3492     19.3226      0.1019      4.0000     16.9403
 53917.3803     19.1347      0.1228      3.0000      0.9275
 53940.2369     19.0900      0.2500      1.0000      0.0000
 53989.1542     19.3800      0.1155      3.0000      0.0200
 53996.1483     19.2003      0.0920      4.0000      2.0135
 54004.1527     19.5060      0.1014      4.0000     11.0065
 54030.1325     19.2945      0.0944      4.0000      2.2642
 54037.1418     19.2207      0.0912      4.0000      5.8587
 54052.0932     19.3623      0.0954      4.0000      6.3825
 54058.0835     19.0975      0.0843      4.0000      7.7759
 54070.1009     18.9900      0.2400      1.0000      0.0000
 54212.4662     19.2742      0.1010      4.0000      1.0916
 54236.4500     19.3438      0.1303      3.0000      0.2687
 54244.4325     19.2119      0.0962      4.0000      5.1897
 54265.3630     19.3162      0.1060      4.0000      3.1927
 54299.2742     19.5517      0.1627      2.0000      4.1213
 54355.1836     19.2634      0.0954      4.0000      2.4668
 54380.1597     19.1863      0.0894      4.0000      7.1467
 54386.1641     19.2047      0.0912      4.0000      4.1427
 54407.1680     19.2039      0.0929      4.0000      2.4024
 54413.0936     19.1504      0.0871      4.0000      6.2091
 54570.4748     19.2634      0.1226      4.0000      2.8636
 54583.4446     19.1475      0.1393      2.0000      2.7379
 54591.4243     19.3212      0.1014      4.0000      3.1345
 54623.3791     19.2972      0.0798      4.0000      1.9504
 54730.2101     19.5533      0.1060      4.0000      7.4318
 54736.2320     19.3191      0.0951      4.0000     10.4034
 54745.1626     19.3241      0.1115      3.0000      0.1735
 54769.1400     19.5820      0.1052      4.0000     16.0914
 54806.0645     19.0143      0.1440      2.0000      4.0132
 54822.0746     19.1712      0.0908      4.0000      7.4994
 54949.4612     19.3559      0.1054      4.0000      1.6156
 54997.4150     19.1742      0.0908      4.0000      7.4324
 55028.2546     19.1700      0.2200      1.0000      0.0000
 55034.3242     19.2077      0.1606      3.0000     14.4180
 55040.2764     19.2026      0.0970      4.0000      1.8781
 55060.2190     19.0817      0.0872      4.0000     10.6317
 55071.1445     18.6445      0.1057      3.0000      0.2170
 55092.2169     19.1687      0.0960      4.0000      0.8450
 55098.1760     19.1925      0.1383      3.0000      0.3366
 55121.1575     19.1074      0.0908      4.0000      1.7588
 55128.1378     19.0471      0.0857      4.0000      8.0562
 55144.0729     19.1961      0.0933      4.0000      5.1964
 55154.0751     19.1799      0.1146      4.0000      4.9995
 55325.4258     19.2945      0.1019      4.0000     11.3020
 55336.3946     19.3600      0.1054      4.0000      2.0538
 55352.3623     19.2919      0.0983      4.0000      9.7350
 55360.3370     19.2468      0.0970      4.0000      5.2235
 55381.2785     19.4759      0.1099      4.0000      4.2976
 55454.2442     19.2779      0.1115      3.0000      0.2594
 55478.1913     19.1215      0.1039      3.0000      6.3279
 55482.1069     19.1345      0.1070      3.0000      1.2854
 55498.0897     19.2751      0.1128      3.0000      1.5495
 55506.1176     19.4791      0.1868      2.0000      2.9185
 55517.1012     19.6757      0.1491      3.0000     21.6038
 55531.0754     19.0600      0.2300      1.0000      0.0000
 55662.4835     19.2730      0.1608      2.0000      0.9029
 55680.4665     19.5223      0.1008      4.0000      3.4560
 55694.4262     19.3079      0.1174      4.0000      0.0339
 55706.4303     19.2117      0.0982      4.0000      6.1504
 55823.1870     19.7621      0.1175      4.0000      9.6729
 55834.1395     19.5643      0.1265      3.0000      3.2197
 55850.1688     19.1411      0.1559      3.0000      1.3519
 56044.4637     19.3809      0.1062      4.0000      2.9898
 56061.4282     19.4895      0.1076      4.0000      3.6679
 56076.4106     19.2755      0.1030      4.0000     13.6698
 56091.3815     19.3458      0.1028      4.0000      8.4207
 56164.1612     19.4062      0.1239      3.0000      3.8398
 56176.2823     18.9901      0.0971      4.0000     10.9423
 56185.2536     19.2025      0.0850      4.0000      0.2379
 56192.1474     19.2037      0.0998      4.0000      0.2299
 56205.1440     19.0792      0.0881      4.0000     21.3203
 56227.1780     19.4800      0.1190      4.0000      7.5941
 56264.0746     19.2789      0.1004      4.0000      4.0909
 56424.4660     19.3636      0.1074      4.0000      2.2560
 56431.4300     19.4792      0.1096      4.0000     12.1628
 56445.4109     19.0892      0.0972      4.0000      0.9164
 56455.3319     19.3370      0.1107      4.0000     10.1293
 56463.3980     19.3034      0.1032      4.0000      0.7658
 56513.3084     19.1799      0.0985      4.0000      0.3239
 56532.2240     19.0603      0.0956      4.0000      1.4818
 56540.2371     19.3020      0.1240      3.0000      1.4712
 56549.1560     19.4877      0.1077      4.0000     27.5621
 56560.1767     19.1431      0.0924      4.0000      4.9049
