 53481.4797     17.6425      0.0550      4.0000      0.2376
 53494.4476     17.6578      0.0511      4.0000      2.6947
 53505.4332     17.6598      0.0536      4.0000      1.3707
 53524.4464     17.6925      0.0500      4.0000      1.7475
 53530.4119     17.5790      0.0482      4.0000     11.9645
 53551.3815     17.6817      0.0523      4.0000      4.4781
 53562.3470     17.6151      0.0511      4.0000      3.4394
 53567.3896     17.6337      0.0536      4.0000      3.8252
 53637.1879     17.6226      0.0519      4.0000     16.5309
 53644.1744     17.5698      0.0511      4.0000      6.4509
 53653.1452     17.6714      0.0523      4.0000      2.6255
 53670.1275     17.6007      0.0511      4.0000      3.2217
 53686.1429     17.6862      0.0523      4.0000      6.6294
 53696.0645     17.5641      0.0486      4.0000      5.9984
 53706.0750     17.6075      0.0500      4.0000      1.1675
 53712.0790     17.6175      0.0600      4.0000      0.2135
 53848.4829     17.6844      0.0558      4.0000      9.3834
 53875.4440     17.6381      0.0523      4.0000      1.9053
 53881.4021     17.5654      0.0486      4.0000     15.9456
 53887.3635     17.5370      0.0536      4.0000      4.9011
 53903.3660     17.6745      0.1299      4.0000      1.5291
 53917.3330     17.6325      0.0550      4.0000      0.7831
 53937.3098     17.6625      0.0550      4.0000      1.0310
 53989.1568     17.5690      0.0486      4.0000      1.1300
 53996.1477     17.5295      0.0473      4.0000     15.8823
 54001.1674     17.5646      0.0486      4.0000      6.5880
 54030.1351     17.4250      0.0450      4.0000      0.6543
 54037.1413     17.4622      0.0461      4.0000      5.5321
 54055.0897     17.6154      0.0486      4.0000      7.1198
 54059.0589     17.6650      0.0707      2.0000      0.6050
 54060.0619     17.6325      0.0500      4.0000      1.5875
 54070.1027     17.6578      0.0674      4.0000      1.7150
 54081.0831     17.6905      0.0496      4.0000     11.2125
 54208.4877     17.5843      0.0573      4.0000      3.4976
 54236.4532     17.5710      0.0593      4.0000      8.0571
 54244.4117     17.5321      0.0486      4.0000      7.9132
 54259.3965     17.6183      0.0511      4.0000      5.5133
 54266.3488     17.6710      0.0519      4.0000     17.5158
 54277.3727     17.4913      0.0496      4.0000      6.8317
 54299.3407     17.6057      0.0643      3.0000     13.7930
 54354.2032     17.5103      0.0473      4.0000     10.3575
 54380.1346     17.3500      0.0450      4.0000      0.3704
 54386.1630     17.5216      0.0465      4.0000     34.4868
 54407.1685     17.5685      0.0486      4.0000      4.4045
 54413.0909     17.6525      0.0500      4.0000      0.0675
 54591.4238     17.5341      0.0486      4.0000     12.7411
 54601.4308     17.3881      0.0461      4.0000     13.1450
 54624.3664     17.2200      0.0400      4.0000      1.6875
 54730.2128     17.4330      0.0461      4.0000      6.4715
 54740.1480     17.2714      0.0343      7.0000     36.1631
 54767.1138     17.5209      0.0419      5.0000     11.4222
 54788.0756     17.3868      0.0461      4.0000      4.4303
 54806.0660     17.5574      0.0573      4.0000      3.9061
 54822.0728     17.7417      0.0511      4.0000      0.9002
 54952.4473     17.6605      0.0523      4.0000      1.9142
 54978.4018     17.6165      0.0496      4.0000      8.4672
 54997.4138     17.4911      0.0473      4.0000     13.4193
 55040.2758     17.4511      0.0473      4.0000      3.7316
 55058.2750     17.2950      0.0423      4.0000      4.1749
 55071.1679     17.6422      0.0688      3.0000      4.4323
 55092.2157     17.5195      0.0482      4.0000     21.6250
 55098.1747     17.5796      0.0573      4.0000     10.1948
 55128.1342     17.3808      0.0461      4.0000     16.7832
 55141.1022     17.5452      0.0511      4.0000      4.8100
 55154.0731     17.5480      0.0573      4.0000      1.8230
 55326.4347     17.6066      0.0507      4.0000     18.4465
 55334.4239     17.6957      0.0562      4.0000      4.6066
 55340.3969     17.5523      0.0486      4.0000      7.0242
 55352.3905     17.5105      0.0486      4.0000     10.7028
 55360.3347     17.5660      0.0496      4.0000     11.5327
 55381.2774     17.4462      0.0482      4.0000     14.9869
 55454.2436     17.4261      0.0537      3.0000     11.8618
 55478.1590     17.3339      0.0537      3.0000     14.7228
 55482.1064     17.3661      0.0537      3.0000     11.8618
 55506.1226     17.5234      0.0672      3.0000      1.7035
 55517.1007     17.6378      0.0688      3.0000      5.8109
 55528.1041     17.6056      0.0688      3.0000      7.2350
 55679.4653     17.4646      0.0436      4.0000     18.3320
 55694.4268     17.4867      0.0536      4.0000      4.7000
 55706.4309     17.5279      0.0482      4.0000     24.1426
 55715.4107     17.3138      0.0461      4.0000     10.1123
 55823.1853     17.5510      0.0486      4.0000      3.9990
 55834.1365     17.5134      0.0473      4.0000      7.3169
 55850.1678     17.6553      0.0686      4.0000      2.0897
 56061.4276     17.5475      0.0500      4.0000      1.7675
 56076.4126     17.5851      0.0536      4.0000      1.6765
 56091.3798     17.6210      0.0511      4.0000      0.7839
 56164.1580     17.6333      0.0523      4.0000      2.0563
 56185.2543     17.4054      0.0436      4.0000      2.5261
 56192.1714     17.3868      0.0473      4.0000     25.1177
 56204.1061     17.4844      0.0486      4.0000     13.3320
 56227.1766     17.7489      0.0583      4.0000     11.6583
 56239.0837     17.7000      0.0700      4.0000      0.5612
 56253.1123     17.6434      0.0511      4.0000      3.1009
 56264.0740     17.4936      0.0486      4.0000      9.6542
 56424.4666     17.6107      0.0511      4.0000      2.7417
 56431.4294     17.5886      0.0523      4.0000      3.3745
 56444.4324     17.5744      0.0511      4.0000      5.3125
 56455.3324     17.5649      0.0536      4.0000      6.5283
 56463.3963     17.4797      0.0486      4.0000      7.2635
 56513.3090     17.4174      0.0486      4.0000      1.5151
 56532.2025     17.4737      0.0496      4.0000     11.9768
 56540.2388     17.4100      0.0500      4.0000      3.7000
 56549.2224     17.6483      0.0511      4.0000      7.4291
 56558.2018     17.5861      0.0507      4.0000     17.3715
 56564.1055     17.4423      0.0436      4.0000      6.9446
