 53530.4097     20.5700      0.3900      1.0000      0.0000
 53567.3925     19.7000      0.2700      1.0000      0.0000
 53670.1370     20.7000      0.4300      1.0000      0.0000
 53848.4931     18.3000      0.1500      1.0000      0.0000
 53881.3866     20.5800      0.3800      1.0000      0.0000
 54001.1706     20.9800      0.4800      1.0000      0.0000
 54030.1351     20.6321      0.2513      2.0000      2.9245
 54055.0853     19.8800      0.2600      1.0000      0.0000
 54081.0905     20.5900      0.3900      1.0000      0.0000
 54299.3366     20.6438      0.3402      2.0000      0.0294
 54354.1936     19.9200      0.2800      1.0000      0.0000
 54407.1721     20.6600      0.4100      1.0000      0.0000
 54591.4180     19.6300      0.2400      1.0000      0.0000
 54624.3763     20.8000      0.3800      1.0000      0.0000
 54997.4168     20.1050      0.2034      2.0000      2.9889
 55058.2750     20.1470      0.1825      2.0000      2.5556
 55334.4383     20.0500      0.3200      1.0000      0.0000
 55352.3944     20.2200      0.3200      1.0000      0.0000
 55360.3408     20.6500      0.4200      1.0000      0.0000
 55381.2704     20.5000      0.4000      1.0000      0.0000
 55715.4020     19.9500      0.2900      1.0000      0.0000
 55834.1485     21.0400      0.5100      1.0000      0.0000
 56061.4153     20.2700      0.3400      1.0000      0.0000
 56076.4166     20.1891      0.2015      3.0000      0.9324
 56185.2406     19.8300      0.2300      1.0000      0.0000
 56192.1740     19.7200      0.2600      1.0000      0.0000
 56431.4303     20.2084      0.1883      3.0000      2.7007
 56444.4281     20.0716      0.2071      2.0000      3.7707
 56463.3941     20.2003      0.2368      2.0000      0.0071
 56513.3126     20.5561      0.2883      2.0000      0.4841
 56558.1892     20.6800      0.4300      1.0000      0.0000
 56564.1086     20.4868      0.1689      3.0000      5.8486
