 53481.4855     19.7500      0.2900      1.0000      0.0000
 53494.4476     19.7145      0.1217      4.0000      7.8740
 53505.4332     19.7272      0.1282      4.0000      2.0866
 53524.4464     19.7674      0.1187      4.0000      9.8004
 53530.4119     19.4952      0.1079      4.0000      4.0507
 53551.3815     19.8468      0.1316      4.0000      3.7012
 53562.3470     19.6259      0.1186      4.0000      2.6252
 53567.3896     19.7604      0.1260      4.0000     11.9727
 53637.1866     19.8389      0.1579      3.0000      1.1948
 53644.1736     19.5738      0.1331      3.0000      4.8496
 53653.1377     19.6200      0.1768      2.0000      0.0000
 53670.1243     19.6203      0.1379      3.0000      0.7006
 53686.1400     19.1100      0.1900      1.0000      0.0000
 53696.0645     19.5575      0.1127      4.0000      3.2205
 53706.0750     19.7371      0.1212      4.0000     10.5409
 53712.0832     19.8039      0.2134      2.0000      6.2100
 53875.4462     19.6500      0.2600      1.0000      0.0000
 53881.4021     19.9523      0.1332      4.0000      2.0074
 53887.3635     19.8033      0.1377      4.0000      6.2422
 53917.3330     19.8528      0.1474      4.0000      6.3468
 53937.3098     19.6415      0.1279      4.0000      3.2095
 53989.1568     19.5353      0.1033      4.0000     12.2504
 53996.1477     19.7548      0.1095      4.0000     15.5510
 54001.1674     19.6809      0.1152      4.0000      1.5804
 54030.1340     19.6694      0.1276      3.0000      3.9986
 54037.1349     19.2351      0.1307      2.0000      0.0015
 54055.0897     19.6753      0.1094      4.0000      7.6424
 54059.0621     19.6200      0.2200      1.0000      0.0000
 54060.0619     20.0935      0.1375      4.0000      3.9118
 54081.0855     19.4200      0.2100      1.0000      0.0000
 54208.4861     20.1610      0.2039      3.0000      6.8145
 54236.4533     19.7325      0.1849      2.0000      1.0454
 54244.4117     19.5919      0.1171      4.0000      0.6602
 54259.3997     19.8126      0.1420      3.0000      8.8121
 54266.3502     19.6493      0.1419      3.0000      1.8374
 54277.3727     19.7597      0.1302      4.0000      1.0538
 54299.3407     19.5486      0.1476      3.0000      3.1199
 54354.2032     19.7869      0.1244      4.0000      4.7717
 54380.1337     19.9342      0.1512      3.0000      1.9283
 54386.1630     19.8103      0.1229      4.0000      5.4484
 54407.1685     19.6588      0.1137      4.0000     11.2398
 54413.0882     19.6714      0.1325      3.0000      3.1247
 54591.4238     19.4810      0.1121      4.0000      1.3477
 54601.4308     19.8733      0.1348      4.0000      1.4561
 54624.3664     19.6429      0.1037      4.0000      0.0904
 54730.2128     19.8400      0.1229      4.0000      6.2800
 54740.1465     19.6297      0.1025      5.0000     10.3616
 54767.1138     20.1374      0.1137      5.0000     18.6347
 54788.0756     19.6679      0.1123      4.0000      5.7887
 54822.0701     19.5036      0.1536      2.0000      1.8533
 54952.4473     19.6988      0.1226      4.0000      5.2445
 54978.4018     19.2765      0.1001      4.0000      4.1838
 54997.4138     19.4814      0.1043      4.0000      6.8071
 55040.2758     19.5136      0.1124      4.0000      0.1883
 55058.2750     19.5963      0.0986      4.0000     13.4928
 55071.1679     20.1730      0.2396      2.0000      9.4889
 55092.2157     19.7995      0.1147      4.0000     17.8748
 55098.1796     20.2054      0.2334      2.0000     11.7214
 55128.1387     19.8254      0.1464      3.0000      2.9493
 55141.0989     19.7812      0.1435      3.0000      2.3968
 55154.0760     20.5200      0.4900      1.0000      0.0000
 55326.4347     19.4033      0.1029      4.0000      9.4768
 55334.4162     19.6000      0.1768      2.0000      0.1568
 55340.3961     20.0236      0.1635      3.0000      3.5521
 55352.3905     19.5676      0.1125      4.0000      1.4786
 55360.3347     19.7560      0.1205      4.0000      9.5411
 55381.2797     19.4900      0.1298      3.0000      3.9522
 55454.2424     20.2162      0.1859      2.0000     16.6557
 55478.1697     20.8400      0.4600      1.0000      0.0000
 55528.0951     19.5200      0.2800      1.0000      0.0000
 55679.4653     19.5312      0.1409      2.0000      0.7970
 55694.4268     19.9913      0.1628      4.0000      2.6859
 55706.4406     19.8836      0.1748      2.0000     13.9422
 55715.4107     20.1577      0.1534      4.0000      5.6143
 55823.1853     19.6832      0.1103      4.0000      7.8590
 55834.1365     19.7536      0.1188      4.0000     11.9993
 55850.1665     19.3804      0.1760      3.0000      0.4835
 56061.4276     19.8820      0.1379      4.0000      0.6227
 56076.4126     19.6802      0.1188      4.0000     17.5691
 56091.3798     19.6810      0.1188      4.0000      9.1604
 56164.1571     19.4174      0.1305      3.0000      0.5476
 56185.2543     19.8033      0.1108      4.0000      6.4841
 56192.1714     19.6668      0.1260      4.0000      0.2048
 56204.1061     19.4752      0.1122      4.0000      0.4468
 56227.1810     19.5570      0.1849      2.0000      0.9896
 56239.0844     19.3022      0.1661      3.0000      2.6522
 56253.1073     19.2165      0.1393      2.0000      2.4999
 56264.0740     19.5826      0.1111      4.0000     12.4994
 56424.4666     19.6695      0.1220      4.0000     11.7272
 56431.4294     19.6879      0.1247      4.0000      6.5789
 56444.4324     19.8632      0.1358      4.0000      4.7350
 56455.3347     19.8907      0.2156      2.0000      0.0345
 56463.3963     19.5148      0.1157      4.0000      1.4995
 56513.3090     19.4803      0.1085      4.0000     16.2186
 56532.2025     19.5303      0.1210      4.0000      2.8619
 56540.2388     19.7914      0.1332      4.0000      5.8317
 56549.2229     19.4307      0.1439      2.0000     13.0402
 56558.2018     19.8055      0.1308      4.0000      3.5047
 56564.1055     19.7302      0.1057      4.0000      1.4761
