 53563.4419     17.0575      0.0450      4.0000      1.8611
 53627.2661     17.0600      0.0450      4.0000      0.7654
 53636.3179     17.0137      0.0436      4.0000      0.4183
 53650.2924     17.0325      0.0450      4.0000      1.2191
 53655.2894     17.1075      0.0450      4.0000      0.9722
 53670.2682     17.0700      0.0800      1.0000      0.0000
 53703.0756     17.0415      0.0423      4.0000      0.4322
 53710.1085     17.0559      0.0423      4.0000      2.0768
 53746.1208     16.9856      0.0423      4.0000      1.9022
 53757.0999     17.0620      0.0436      4.0000      0.9868
 53766.0920     17.0637      0.0436      4.0000      0.6159
 53767.0893     16.9643      0.0461      4.0000      2.8974
 53990.4557     16.9750      0.0400      4.0000      3.0781
 53996.2824     17.0275      0.0400      4.0000      0.6992
 54008.2665     17.0475      0.0400      4.0000      0.7617
 54024.2412     17.0825      0.0400      4.0000      0.2305
 54030.2903     17.0300      0.0400      4.0000      1.1562
 54081.1973     17.0250      0.0400      4.0000      1.7031
 54127.0983     17.0425      0.0450      4.0000      0.1821
 54345.4807     17.0811      0.0436      4.0000      0.3771
 54351.4132     17.0200      0.0800      1.0000      0.0000
 54355.2726     17.0767      0.0411      4.0000      1.0491
 54377.3019     17.0575      0.0400      4.0000      0.2305
 54385.2095     17.0625      0.0400      4.0000      1.4492
 54392.2567     17.0475      0.0400      4.0000      0.1992
 54404.2528     17.0300      0.0400      4.0000      1.0000
 54411.2128     17.0850      0.0400      4.0000      0.1406
 54421.2705     17.0175      0.0400      4.0000      1.0117
 54466.1236     17.0175      0.0400      4.0000      6.2305
 54477.1012     17.0425      0.0400      4.0000      0.5742
 54715.3203     17.0600      0.0400      4.0000      0.0938
 54729.3876     17.0750      0.0400      4.0000      1.2969
 54738.3288     17.0325      0.0400      4.0000      1.8555
 54747.2939     17.0625      0.0400      4.0000      0.1055
 54768.3576     17.0475      0.0400      4.0000      0.3867
 54778.2546     17.0025      0.0400      4.0000      0.2305
 55043.4183     17.0361      0.0473      4.0000      0.1924
 55073.3302     17.0375      0.0500      4.0000      0.4875
 55084.4177     16.9419      0.0461      4.0000      7.2843
 55113.2729     17.0250      0.0400      4.0000      1.0156
 55153.1522     17.0275      0.0400      4.0000      0.1680
 55181.1085     17.0450      0.0400      4.0000      0.1406
 55456.3157     17.0400      0.0520      3.0000      1.9506
 55497.2357     16.9800      0.0462      3.0000      0.2813
 55506.2975     17.0091      0.0440      3.0000      0.9305
 55514.2302     17.0768      0.0479      3.0000      1.5703
 55530.1647     17.0400      0.0462      3.0000      0.2187
 55577.1282     17.0465      0.0461      4.0000      3.8550
 55588.0967     16.9678      0.0461      4.0000      2.4629
 55822.4684     17.0973      0.0411      4.0000      1.2204
 55825.3236     17.0800      0.0400      4.0000      1.9063
 55849.3101     17.0500      0.0411      4.0000      1.4307
 55862.1773     17.0150      0.0400      4.0000      5.3281
 55881.1794     17.0300      0.0400      4.0000      1.1563
 55893.1702     17.0200      0.0400      4.0000      0.3750
 56184.3558     17.0339      0.0411      4.0000      1.4747
 56191.3369     17.0241      0.0423      4.0000      0.5254
 56206.3502     17.0391      0.0411      4.0000      3.5266
 56222.2027     17.0485      0.0411      4.0000      0.3860
 56235.1930     17.0594      0.0411      4.0000      0.7685
 56274.1142     17.0500      0.0400      4.0000      1.4687
 56296.0913     17.0176      0.0411      4.0000      1.0115
 56540.3091     17.0400      0.0450      4.0000      0.3704
 56541.3498     17.0375      0.0450      4.0000      1.2438
 56550.3179     17.0150      0.0450      4.0000      0.2099
 56560.2870     17.0864      0.0411      4.0000      0.8606
