 53481.4797     16.3171      0.0386      4.0000      1.1400
 53494.4476     16.2725      0.0350      4.0000      0.8724
 53505.4332     16.3100      0.0350      4.0000      0.0816
 53524.4464     16.3300      0.0350      4.0000      0.4082
 53530.4119     16.3200      0.0350      4.0000      0.7755
 53551.3815     16.2800      0.0350      4.0000      0.4898
 53562.3470     16.3325      0.0350      4.0000      0.7500
 53567.3896     16.3350      0.0350      4.0000      0.2653
 53637.1879     16.3075      0.0350      4.0000      0.5459
 53644.1744     16.2950      0.0350      4.0000      0.5102
 53653.1452     16.2650      0.0350      4.0000      0.6735
 53670.1275     16.3175      0.0350      4.0000      1.4847
 53686.1429     16.2675      0.0350      4.0000      4.1378
 53696.0645     16.2925      0.0350      4.0000      0.0561
 53706.0750     16.2950      0.0350      4.0000      0.1837
 53712.0790     16.3350      0.0400      4.0000      0.6406
 53848.4829     16.2925      0.0400      4.0000      0.3242
 53875.4440     16.3000      0.0350      4.0000      1.1020
 53881.4021     16.2950      0.0350      4.0000      0.1020
 53887.3635     16.3150      0.0350      4.0000      0.6735
 53903.3660     16.2417      0.0674      4.0000      0.4785
 53917.3330     16.2875      0.0400      4.0000      0.0430
 53937.3098     16.3000      0.0350      4.0000      0.6939
 53989.1568     16.2800      0.0350      4.0000      0.1224
 53996.1477     16.3000      0.0350      4.0000      1.3469
 54001.1674     16.3025      0.0350      4.0000      0.7092
 54030.1351     16.2725      0.0350      4.0000      0.1786
 54037.1413     16.3175      0.0350      4.0000      0.3010
 54055.0897     16.3075      0.0350      4.0000      1.3622
 54059.0589     16.3500      0.0495      2.0000      0.1633
 54060.0619     16.3025      0.0350      4.0000      1.6071
 54070.1027     16.3668      0.0423      4.0000      0.8224
 54081.0831     16.2675      0.0350      4.0000      1.0357
 54208.4877     16.3225      0.0400      4.0000      1.2617
 54236.4532     16.1900      0.0381      4.0000      6.0932
 54244.4117     16.3075      0.0350      4.0000      0.1786
 54259.3965     16.2975      0.0350      4.0000      0.2602
 54266.3488     16.2975      0.0350      4.0000      0.7092
 54277.3727     16.2950      0.0350      4.0000      1.0000
 54299.3407     16.3078      0.0440      3.0000      0.2356
 54354.2032     16.2975      0.0350      4.0000      0.1786
 54380.1346     16.2600      0.0350      4.0000      0.5306
 54386.1630     16.2650      0.0350      4.0000      0.4286
 54407.1685     16.3375      0.0350      4.0000      0.1786
 54413.0909     16.2925      0.0350      4.0000      2.4643
 54591.4238     16.3100      0.0350      4.0000      2.8163
 54601.4308     16.3075      0.0350      4.0000      1.6480
 54624.3664     16.2550      0.0350      4.0000      0.2653
 54730.2128     16.2900      0.0350      4.0000      0.2857
 54740.1480     16.3030      0.0269      7.0000      1.9415
 54767.1138     16.2980      0.0313      5.0000      0.7918
 54788.0756     16.3100      0.0350      4.0000      0.4490
 54806.0660     16.2650      0.0400      4.0000      0.8281
 54822.0728     16.3350      0.0350      4.0000      1.0816
 54952.4473     16.3350      0.0350      4.0000      0.8367
 54978.4018     16.3125      0.0350      4.0000      0.4235
 54997.4138     16.3175      0.0350      4.0000      0.4235
 55040.2758     16.3050      0.0350      4.0000      1.3265
 55058.2750     16.3500      0.0350      4.0000      1.6327
 55071.1712     16.5811      0.0431      4.0000     65.2638
 55092.2157     16.2825      0.0350      4.0000      0.0153
 55098.1747     16.2950      0.0400      4.0000      0.5156
 55128.1342     16.2950      0.0350      4.0000      0.5102
 55141.1022     16.3823      0.0369      4.0000      5.0560
 55154.0731     16.2925      0.0400      4.0000      1.0742
 55326.4347     16.3375      0.0350      4.0000      0.5051
 55334.4239     16.3424      0.0361      4.0000      0.5865
 55340.3969     16.2950      0.0350      4.0000      0.8367
 55352.3905     16.3000      0.0350      4.0000      2.8163
 55360.3347     16.2975      0.0350      4.0000      0.2194
 55381.2774     16.2925      0.0350      4.0000      1.0357
 55454.2436     16.2900      0.0404      3.0000      0.3673
 55478.1590     16.3100      0.0404      3.0000      0.0408
 55482.1064     16.2900      0.0404      3.0000      0.6531
 55506.1226     16.2300      0.0462      3.0000      0.0937
 55517.1007     16.4067      0.0462      3.0000      0.9479
 55528.1041     16.4000      0.0462      3.0000      0.0938
 55679.4653     16.3250      0.0350      4.0000      0.2245
 55694.4268     16.3725      0.0400      4.0000      0.6055
 55706.4309     16.2925      0.0350      4.0000      1.4847
 55715.4107     16.3075      0.0350      4.0000      0.4235
 55823.1853     16.2950      0.0350      4.0000      0.3469
 55834.1365     16.3100      0.0350      4.0000      0.2857
 55850.1678     16.3071      0.0436      4.0000      1.4443
 56061.4276     16.2875      0.0350      4.0000      0.6684
 56076.4126     16.2725      0.0350      4.0000      0.4643
 56091.3798     16.2900      0.0350      4.0000      0.6939
 56164.1580     16.3050      0.0350      4.0000      1.8163
 56185.2543     16.3225      0.0350      4.0000      0.9133
 56192.1714     16.2950      0.0350      4.0000      0.4286
 56204.1061     16.3350      0.0350      4.0000      0.5918
 56227.1766     16.2694      0.0386      4.0000      1.5261
 56239.0837     16.3350      0.0450      4.0000      0.7037
 56253.1123     16.3650      0.0350      4.0000      1.0816
 56264.0740     16.3025      0.0350      4.0000      1.1990
 56424.4666     16.3350      0.0350      4.0000      0.1837
 56431.4294     16.3025      0.0350      4.0000      0.9541
 56444.4324     16.3400      0.0350      4.0000      2.8163
 56455.3324     16.2807      0.0373      4.0000      2.6457
 56463.3963     16.3375      0.0350      4.0000      0.5051
 56513.3090     16.3250      0.0350      4.0000      0.2653
 56532.2025     16.2900      0.0350      4.0000      1.6735
 56540.2388     16.3075      0.0350      4.0000      1.2398
 56549.2224     16.3400      0.0350      4.0000      1.3469
 56558.2018     16.3450      0.0350      4.0000      1.0000
 56564.1055     16.3475      0.0350      4.0000      0.9133
