 53494.4482     19.8300      0.2700      1.0000      0.0000
 53505.4364     19.9300      0.2900      1.0000      0.0000
 53524.4442     20.6482      0.2559      2.0000      3.9489
 53551.3777     20.0440      0.2107      2.0000      0.4195
 53559.3288     20.2277      0.1587      4.0000      3.5103
 53562.3558     20.3471      0.1681      2.0000     52.2285
 53567.3826     19.7500      0.2700      1.0000      0.0000
 53639.1625     19.6829      0.1459      3.0000      0.3023
 53646.1550     19.6449      0.1465      3.0000      1.1579
 53686.1724     19.9900      0.3000      1.0000      0.0000
 53706.1024     19.5600      0.2400      1.0000      0.0000
 53861.4438     19.9473      0.2107      2.0000      0.2785
 53881.4003     20.0307      0.1348      4.0000      4.7002
 53907.3473     19.7151      0.1575      3.0000      0.1171
 53996.1483     19.7662      0.1194      4.0000      0.8043
 54004.1527     19.8977      0.1271      4.0000      3.0759
 54030.1325     19.8361      0.1231      4.0000      0.7399
 54052.0964     19.7654      0.1200      4.0000      2.2197
 54058.0803     20.0559      0.1946      2.0000      1.0612
 54212.4729     19.8689      0.1874      2.0000      1.3966
 54236.4489     19.6300      0.2500      1.0000      0.0000
 54244.4298     19.7414      0.1332      3.0000     10.2550
 54265.3768     20.0600      0.3200      1.0000      0.0000
 54299.3232     20.9500      0.5100      1.0000      0.0000
 54355.1836     20.3593      0.1566      4.0000      5.9502
 54380.1597     19.8084      0.1220      4.0000      3.3965
 54386.1679     20.1246      0.1569      3.0000      6.4755
 54413.0909     20.2400      0.1678      3.0000      6.5769
 54570.4721     19.4009      0.1921      2.0000      0.8644
 54591.4205     19.8500      0.1909      2.0000      0.0000
 54623.3791     20.0093      0.1110      4.0000      2.4296
 54730.2133     19.9000      0.2600      1.0000      0.0000
 54736.2357     19.8900      0.2600      1.0000      0.0000
 54745.1646     20.6815      0.2208      3.0000      0.9952
 54806.0667     19.4800      0.2700      1.0000      0.0000
 54949.4588     19.9519      0.1522      3.0000     12.0588
 54997.4140     19.9616      0.1540      3.0000      5.4398
 55040.2753     19.8815      0.1536      3.0000      1.6380
 55060.2311     20.1000      0.3000      1.0000      0.0000
 55092.2253     19.7908      0.1822      2.0000      0.6077
 55144.0795     19.6462      0.1679      2.0000      0.6685
 55325.4145     19.3300      0.2100      1.0000      0.0000
 55336.3908     20.1426      0.1928      2.0000     11.7748
 55352.3697     19.9425      0.1946      2.0000      1.2307
 55360.3390     19.8824      0.1565      3.0000      0.6325
 55381.2854     19.3600      0.2100      1.0000      0.0000
 55454.2317     20.2200      0.3200      1.0000      0.0000
 55478.1913     20.1126      0.1636      3.0000      4.9585
 55482.1069     19.7281      0.1387      3.0000      5.8747
 55498.0897     20.0467      0.1492      3.0000     13.9034
 55531.0754     20.4300      0.4800      1.0000      0.0000
 55662.4835     19.7800      0.3000      1.0000      0.0000
 55680.4735     19.8257      0.1554      2.0000      4.8676
 55694.4262     20.0085      0.1683      4.0000      0.7431
 55706.4253     19.5600      0.2400      1.0000      0.0000
 55823.1907     20.1300      0.3000      1.0000      0.0000
 56044.4639     19.9314      0.1992      2.0000      0.4421
 56076.4146     19.7867      0.1631      3.0000      0.2164
 56091.3908     20.7100      0.4800      1.0000      0.0000
 56164.1594     19.7987      0.1363      3.0000     20.0926
 56185.2536     19.9222      0.1198      4.0000      2.4941
 56192.1474     19.5193      0.1608      2.0000      1.0925
 56205.1440     19.6694      0.1802      2.0000      0.0278
 56264.0737     19.8600      0.1909      2.0000      0.0439
 56424.4640     20.3857      0.2119      3.0000      0.9617
 56431.4326     19.4501      0.1321      3.0000      0.6847
 56445.4109     19.4966      0.1181      4.0000      0.7875
 56455.3364     19.5472      0.1764      2.0000      0.0980
 56463.4003     19.9666      0.1675      3.0000      0.7339
 56513.3084     20.0372      0.1528      4.0000      0.5950
 56532.2240     19.6658      0.1287      4.0000      1.7871
 56540.2399     19.7246      0.1260      4.0000      8.6327
 56560.1767     19.7580      0.1198      4.0000     10.3092
