 53563.4419     15.1425      0.0300      4.0000      0.0764
 53627.2661     15.1425      0.0300      4.0000      0.0764
 53636.3179     15.1625      0.0300      4.0000      0.2431
 53650.2924     15.1475      0.0300      4.0000      0.0208
 53655.2894     15.1475      0.0300      4.0000      0.1319
 53670.2682     15.1600      0.0600      1.0000      0.0000
 53703.0756     15.1500      0.0300      4.0000      0.0556
 53710.1085     15.1500      0.0300      4.0000      0.0556
 53746.1208     15.1500      0.0300      4.0000      0.6667
 53757.0999     15.1500      0.0300      4.0000      0.1667
 53766.0920     15.1325      0.0300      4.0000      0.0764
 53767.0893     15.0875      0.0300      4.0000      0.4097
 53990.4557     15.1675      0.0300      4.0000      0.1319
 53996.2824     15.1700      0.0300      4.0000      0.0000
 54008.2665     15.1600      0.0300      4.0000      0.0000
 54024.2412     15.1650      0.0300      4.0000      0.0278
 54030.2903     15.1475      0.0300      4.0000      0.1319
 54081.1973     15.1350      0.0300      4.0000      0.3611
 54127.0983     15.1450      0.0300      4.0000      0.0278
 54345.4807     15.1325      0.0300      4.0000      0.2431
 54351.4165     15.6300      0.0537      2.0000     68.0000
 54355.2726     15.1525      0.0300      4.0000      0.0764
 54377.3019     15.1425      0.0300      4.0000      0.0208
 54385.2095     15.1600      0.0300      4.0000      0.0000
 54392.2567     15.1475      0.0300      4.0000      0.0208
 54404.2528     15.1500      0.0300      4.0000      0.0556
 54411.2128     15.1475      0.0300      4.0000      0.1319
 54421.2705     15.1425      0.0300      4.0000      0.1319
 54466.1236     15.1450      0.0300      4.0000      0.1389
 54477.1012     15.1475      0.0300      4.0000      0.2431
 54715.3203     15.1375      0.0300      4.0000      0.0764
 54729.3876     15.1225      0.0300      4.0000      0.0764
 54738.3288     15.1650      0.0300      4.0000      0.0833
 54747.2939     15.1600      0.0300      4.0000      0.1667
 54768.3576     15.1625      0.0300      4.0000      0.0208
 54778.2546     15.1375      0.0300      4.0000      0.4097
 55043.4183     15.1500      0.0300      4.0000      0.0556
 55073.3302     15.1824      0.0310      4.0000      0.1315
 55084.4177     15.1775      0.0300      4.0000      0.1875
 55113.2729     15.1725      0.0300      4.0000      0.1319
 55153.1522     15.1700      0.0300      4.0000      0.2778
 55181.1085     15.1725      0.0300      4.0000      0.1319
 55456.3157     15.1667      0.0346      3.0000      0.0185
 55497.2357     15.1667      0.0346      3.0000      0.1296
 55506.2975     15.1667      0.0346      3.0000      0.0185
 55514.2302     15.1633      0.0346      3.0000      0.0741
 55530.1647     15.1867      0.0346      3.0000      0.0185
 55577.1282     15.1575      0.0300      4.0000      1.7431
 55588.0967     15.1550      0.0300      4.0000      0.0833
 55822.4684     15.1875      0.0300      4.0000      0.1875
 55825.3236     15.2000      0.0300      4.0000      0.0556
 55849.3101     15.1675      0.0300      4.0000      0.0764
 55862.1773     15.1475      0.0300      4.0000      0.3542
 55881.1794     15.1575      0.0300      4.0000      0.0208
 55893.1702     15.1750      0.0300      4.0000      0.1389
 56184.3558     15.1525      0.0300      4.0000      0.2431
 56191.3369     15.1800      0.0300      4.0000      0.0556
 56206.3502     15.1525      0.0300      4.0000      0.0764
 56222.2027     15.1675      0.0300      4.0000      0.0208
 56235.1930     15.1700      0.0300      4.0000      0.3889
 56274.1142     15.1550      0.0300      4.0000      0.0278
 56296.0913     15.1525      0.0300      4.0000      0.2431
 56540.3091     15.1825      0.0300      4.0000      0.0764
 56541.3498     15.1600      0.0300      4.0000      0.1111
 56550.3179     15.1500      0.0300      4.0000      0.3889
 56560.2870     15.1650      0.0300      4.0000      0.0278
