 53481.4797     17.4356      0.0511      4.0000      2.2828
 53494.4476     17.4525      0.0500      4.0000      0.5075
 53505.4332     17.5050      0.0500      4.0000      0.4100
 53524.4464     17.3700      0.0450      4.0000      0.6420
 53530.4119     17.3675      0.0450      4.0000      1.8117
 53551.3815     17.4825      0.0500      4.0000      0.4075
 53562.3470     17.4549      0.0486      4.0000      1.4009
 53567.3896     17.3850      0.0500      4.0000      0.3500
 53637.1879     17.3944      0.0486      4.0000      1.1586
 53644.1744     17.4675      0.0500      4.0000      2.5875
 53653.1452     17.4175      0.0500      4.0000      1.2275
 53670.1275     17.3705      0.0461      4.0000      2.8686
 53686.1429     17.4475      0.0500      4.0000      0.5475
 53696.0645     17.4510      0.0486      4.0000      0.2599
 53706.0750     17.4245      0.0473      4.0000      1.6233
 53712.0790     17.4491      0.0573      4.0000      1.4318
 53848.4829     17.5050      0.0550      4.0000      1.6116
 53875.4440     17.5661      0.0511      4.0000      1.4970
 53881.4021     17.4425      0.0450      4.0000      0.6265
 53887.3635     17.4310      0.0511      4.0000      2.7569
 53903.3660     17.4119      0.1132      4.0000      0.4266
 53917.3330     17.4237      0.0511      4.0000      2.9537
 53937.3098     17.4400      0.0500      4.0000      0.2000
 53989.1568     17.4918      0.0473      4.0000      0.8625
 53996.1477     17.4025      0.0450      4.0000      0.4043
 54001.1674     17.4689      0.0461      4.0000      0.9120
 54030.1351     17.4025      0.0450      4.0000      0.5525
 54037.1413     17.4553      0.0473      4.0000      5.1482
 54055.0897     17.4250      0.0450      4.0000      5.3704
 54059.0589     17.4963      0.0669      2.0000      3.2622
 54060.0619     17.4986      0.0461      4.0000      4.4043
 54070.1027     17.4138      0.0597      4.0000      3.2880
 54081.0831     17.4346      0.0461      4.0000      1.2855
 54208.4877     17.4750      0.0550      4.0000      1.4959
 54236.4532     17.3220      0.0552      4.0000      6.6691
 54244.4117     17.4410      0.0486      4.0000      0.3799
 54259.3965     17.3916      0.0461      4.0000      0.8102
 54266.3488     17.4850      0.0500      4.0000      0.4100
 54277.3727     17.4775      0.0500      4.0000      0.6275
 54299.3407     17.3147      0.0614      3.0000      0.6756
 54354.2032     17.4555      0.0473      4.0000      2.7805
 54380.1346     17.5158      0.0473      4.0000      1.9196
 54386.1630     17.4966      0.0473      4.0000      3.2214
 54407.1685     17.4557      0.0461      4.0000      2.3743
 54413.0909     17.3650      0.0450      4.0000      4.0617
 54591.4238     17.3976      0.0461      4.0000      7.5622
 54601.4308     17.4487      0.0486      4.0000      0.4038
 54624.3664     17.3771      0.0436      4.0000      2.0863
 54730.2128     17.4843      0.0461      4.0000      1.1690
 54740.1480     17.4601      0.0370      7.0000      8.7548
 54767.1138     17.4940      0.0402      5.0000      0.0642
 54788.0756     17.5187      0.0473      4.0000      3.2684
 54806.0660     17.5176      0.0558      4.0000      7.2619
 54822.0728     17.6000      0.0500      4.0000      0.0600
 54952.4473     17.3805      0.0461      4.0000      0.1641
 54978.4018     17.5075      0.0500      4.0000      1.4675
 54997.4138     17.3962      0.0461      4.0000      3.5469
 55040.2758     17.4562      0.0486      4.0000      0.5805
 55058.2750     17.4406      0.0436      4.0000      4.3408
 55071.1679     17.4200      0.0635      3.0000      2.1983
 55092.2157     17.4510      0.0486      4.0000      0.4599
 55098.1747     17.4125      0.0550      4.0000      1.1632
 55128.1342     17.4838      0.0486      4.0000      0.6962
 55141.1022     17.5243      0.0511      4.0000      1.5543
 55154.0731     17.4700      0.0550      4.0000      1.7025
 55326.4347     17.4063      0.0473      4.0000      0.4619
 55334.4239     17.4049      0.0504      4.0000      1.8006
 55340.3969     17.5025      0.0500      4.0000      0.1275
 55352.3905     17.4276      0.0461      4.0000      1.4942
 55360.3347     17.6095      0.0520      4.0000     18.3536
 55381.2774     17.4500      0.0500      4.0000      0.7200
 55454.2436     17.4850      0.0537      3.0000      0.3568
 55478.1590     17.4518      0.0537      3.0000      3.4217
 55482.1064     17.5067      0.0577      3.0000      0.4267
 55506.1226     17.5368      0.0653      3.0000      1.6243
 55517.1007     17.4283      0.0672      3.0000      3.5543
 55528.1041     17.5531      0.0672      3.0000      1.5183
 55679.4653     17.5025      0.0450      4.0000      1.1451
 55694.4268     17.5575      0.0550      4.0000      1.2624
 55706.4309     17.6273      0.0511      4.0000      1.3831
 55715.4107     17.4800      0.0500      4.0000      0.8800
 55823.1853     17.4625      0.0450      4.0000      2.4784
 55834.1365     17.4050      0.0450      4.0000      0.6296
 55850.1678     17.4169      0.0611      4.0000      2.5996
 56061.4276     17.4700      0.0500      4.0000      1.9400
 56076.4126     17.4075      0.0500      4.0000      0.6075
 56091.3798     17.4900      0.0500      4.0000      0.3000
 56164.1580     17.4850      0.0500      4.0000      2.7700
 56185.2543     17.4450      0.0450      4.0000      1.4444
 56192.1714     17.5025      0.0500      4.0000      0.4875
 56204.1061     17.4103      0.0486      4.0000      2.9557
 56227.1766     17.3780      0.0511      4.0000      8.9448
 56239.0837     17.4129      0.0611      4.0000      2.0452
 56253.1123     17.4431      0.0486      4.0000      3.2591
 56264.0740     17.4049      0.0461      4.0000      1.6445
 56424.4666     17.4600      0.0500      4.0000      1.8400
 56431.4294     17.3597      0.0486      4.0000      2.0584
 56444.4324     17.4175      0.0500      4.0000      0.3875
 56455.3324     17.4578      0.0511      4.0000      1.3450
 56463.3963     17.3972      0.0486      4.0000      1.3502
 56513.3090     17.4175      0.0500      4.0000      0.7275
 56532.2025     17.4300      0.0500      4.0000      1.1600
 56540.2388     17.3875      0.0500      4.0000      1.2275
 56549.2224     17.5250      0.0500      4.0000      0.6500
 56558.2018     17.4682      0.0486      4.0000      4.6397
 56564.1055     17.4725      0.0450      4.0000      0.9722
