 53481.4792     18.3335      0.0712      4.0000      0.3504
 53494.4460     18.4525      0.0700      4.0000      0.8099
 53505.4322     18.4142      0.0686      4.0000      1.2502
 53524.4442     18.3300      0.0650      4.0000      0.3314
 53551.3853     18.3929      0.0686      4.0000      2.2181
 53559.3288     18.4018      0.0686      4.0000      1.2791
 53562.3518     18.3926      0.0674      4.0000      1.0991
 53567.3912     18.3222      0.0684      4.0000      3.3077
 53639.1637     18.3345      0.0661      4.0000      0.8378
 53646.1538     18.3412      0.0697      4.0000      3.9849
 53653.1457     18.4481      0.0707      4.0000      8.4759
 53669.1857     18.2594      0.0636      4.0000      1.4323
 53686.1627     18.4482      0.0678      4.0000      9.0813
 53706.0935     18.3300      0.0674      4.0000      4.0967
 53834.4919     18.0957      0.0668      4.0000      5.4348
 53848.4800     18.3633      0.0866      3.0000      0.2874
 53861.4465     18.3067      0.0686      4.0000      0.7146
 53875.4445     18.3800      0.0697      4.0000      2.0919
 53881.4003     18.4290      0.0647      4.0000      1.5949
 53904.3677     19.2313      0.4298      2.0000      0.3124
 53907.3492     18.4076      0.0724      4.0000      1.1567
 53917.3766     18.4074      0.0762      4.0000      1.1849
 53940.2450     18.4001      0.0949      4.0000      5.8475
 53989.1574     18.2425      0.0600      4.0000      0.6441
 53996.1483     18.3375      0.0636      4.0000      1.6417
 54004.1527     18.0846      0.0539      4.0000    271.5159
 54030.1325     18.4025      0.0647      4.0000      2.2234
 54037.1418     18.4596      0.0661      4.0000      1.2198
 54052.0932     18.4221      0.0647      4.0000      2.1077
 54058.0835     18.4183      0.0647      4.0000      2.8809
 54070.1031     18.5170      0.0960      4.0000      1.2728
 54212.4662     18.3640      0.0661      4.0000      0.5377
 54236.4505     18.5473      0.0825      4.0000      8.6472
 54244.4325     18.3818      0.0686      4.0000      0.7791
 54265.3630     18.3029      0.0684      4.0000      3.5650
 54299.2742     18.4157      0.0982      2.0000      0.6800
 54355.1836     18.4011      0.0661      4.0000      0.3389
 54380.1597     18.3845      0.0661      4.0000      1.0863
 54386.1641     18.3550      0.0650      4.0000      0.6213
 54407.1680     18.3094      0.0624      4.0000      3.7025
 54413.0936     18.2814      0.0624      4.0000      3.8567
 54570.4748     18.3536      0.0788      4.0000      7.7440
 54583.4427     18.4617      0.0731      4.0000      3.5768
 54591.4243     18.4181      0.0674      4.0000      1.9648
 54623.3791     18.3550      0.0550      4.0000      1.8264
 54730.2101     18.3035      0.0636      4.0000      3.4141
 54736.2320     18.3900      0.0650      4.0000      0.4379
 54745.1656     18.1872      0.0583      4.0000      6.5238
 54769.1400     18.4661      0.0674      4.0000      0.2052
 54806.0645     18.1924      0.0721      4.0000      2.6643
 54822.0746     18.2685      0.0644      4.0000     10.6825
 54949.4612     18.3378      0.0674      4.0000      1.5440
 54997.4150     18.4307      0.0674      4.0000      0.1006
 55028.2546     18.2500      0.1400      1.0000      0.0000
 55034.3236     18.1747      0.0839      4.0000      0.8015
 55040.2764     18.4136      0.0686      4.0000      0.4657
 55060.2190     18.3625      0.0650      4.0000      0.6908
 55071.1469     18.3861      0.0824      4.0000      0.1891
 55092.2169     18.2706      0.0624      4.0000      1.6452
 55098.1752     18.4333      0.0824      4.0000      0.1677
 55121.1575     18.3223      0.0647      4.0000      4.6794
 55128.1378     18.4040      0.0661      4.0000      0.5495
 55144.0729     18.2800      0.0636      4.0000      1.8245
 55154.0751     18.3761      0.0798      4.0000      3.2945
 55325.4258     18.4702      0.0737      4.0000      0.4007
 55336.3946     18.4450      0.0700      4.0000      0.2092
 55352.3623     18.3421      0.0658      4.0000      3.4003
 55360.3370     18.3322      0.0670      4.0000      3.3610
 55381.2785     18.3205      0.0686      4.0000      2.2122
 55454.2442     18.3467      0.0751      3.0000      0.6193
 55478.1913     18.3755      0.0768      3.0000      0.6566
 55482.1069     18.3820      0.0768      3.0000      0.5310
 55498.0897     18.3039      0.0730      3.0000      2.2462
 55506.1213     18.3467      0.0924      3.0000      0.0182
 55517.1012     18.2700      0.0924      3.0000      0.0078
 55531.0732     18.3031      0.0927      3.0000      9.0793
 55662.4851     18.3485      0.0727      4.0000      8.3371
 55680.4665     18.4954      0.0642      4.0000      2.9964
 55694.4262     18.3859      0.0762      4.0000      0.2733
 55706.4303     18.3871      0.0697      4.0000      2.2153
 55823.1870     18.3590      0.0636      4.0000      0.8502
 55834.1382     18.3717      0.0661      4.0000      0.9075
 55850.1674     18.3329      0.0910      4.0000      0.5392
 56044.4637     18.3115      0.0674      4.0000      2.7345
 56061.4282     18.2771      0.0647      4.0000      2.0034
 56076.4106     18.4692      0.0762      4.0000      0.6958
 56091.3815     18.3633      0.0684      4.0000      1.8040
 56164.1586     18.3391      0.0671      4.0000      3.2175
 56176.2823     18.5766      0.0773      4.0000      9.6521
 56185.2536     18.3555      0.0611      4.0000      1.9738
 56192.1474     18.2385      0.0647      4.0000      3.5350
 56205.1440     18.2985      0.0661      4.0000      0.5274
 56227.1780     18.4039      0.0759      4.0000      1.0299
 56264.0746     18.2704      0.0636      4.0000      2.3571
 56424.4660     18.3667      0.0686      4.0000      0.6942
 56431.4300     18.3092      0.0661      4.0000      0.6126
 56445.4109     18.3429      0.0697      4.0000      2.7634
 56455.3319     18.3476      0.0712      4.0000      7.5076
 56463.3980     18.2500      0.0650      4.0000      0.6864
 56513.3084     18.4140      0.0712      4.0000      0.4761
 56532.2240     18.3450      0.0697      4.0000      2.4032
 56540.2399     18.4276      0.0721      4.0000      3.0232
 56549.1560     18.4340      0.0709      4.0000      2.9299
 56560.1767     18.3063      0.0647      4.0000      1.3047
