 53481.4797     18.0390      0.0636      4.0000      3.8313
 53494.4476     18.0050      0.0600      4.0000      0.1458
 53505.4332     18.0053      0.0586      4.0000      2.0130
 53524.4464     18.0226      0.0573      4.0000      1.4526
 53530.4119     18.0002      0.0573      4.0000      1.2035
 53551.3815     17.8904      0.0561      4.0000      1.7875
 53562.3470     17.9813      0.0586      4.0000      0.5084
 53567.3896     17.9417      0.0586      4.0000      4.1583
 53637.1879     17.9550      0.0600      4.0000      0.2292
 53644.1744     17.9117      0.0573      4.0000      0.5713
 53653.1452     17.9552      0.0597      4.0000      5.2115
 53670.1275     17.9460      0.0561      4.0000      0.8095
 53686.1429     17.9149      0.0561      4.0000      2.5399
 53696.0645     17.9350      0.0550      4.0000      0.2397
 53706.0750     17.9062      0.0561      4.0000      1.2433
 53712.0790     18.0760      0.0724      4.0000      0.5055
 53848.4829     18.1039      0.0674      4.0000      3.1758
 53875.4440     18.0365      0.0608      4.0000      5.7750
 53881.4021     17.9475      0.0550      4.0000      0.6508
 53887.3635     17.9425      0.0600      4.0000      0.3524
 53903.3660     17.9942      0.1539      4.0000      0.8016
 53917.3330     17.9482      0.0636      4.0000      2.7370
 53937.3098     17.9373      0.0611      4.0000      1.6142
 53989.1568     17.9575      0.0550      4.0000      0.3698
 53996.1477     17.9119      0.0536      4.0000      1.5555
 54001.1674     17.9050      0.0550      4.0000      0.4050
 54030.1351     18.0276      0.0561      4.0000      2.2898
 54037.1413     18.0147      0.0561      4.0000      1.0779
 54055.0897     17.9600      0.0550      4.0000      1.4711
 54059.0589     17.9500      0.0778      2.0000      0.1488
 54060.0619     18.0262      0.0561      4.0000      3.1443
 54070.1027     18.1043      0.0781      4.0000      3.6343
 54081.0831     17.8875      0.0550      4.0000      1.0145
 54208.4877     17.9587      0.0661      4.0000      3.4267
 54236.4532     17.8922      0.0661      4.0000      2.9605
 54244.4117     17.9424      0.0573      4.0000      0.9695
 54259.3965     17.9929      0.0561      4.0000      1.7234
 54266.3488     17.9953      0.0586      4.0000      2.1102
 54277.3727     18.0025      0.0600      4.0000      0.2691
 54299.3407     17.9520      0.0764      3.0000      0.3242
 54354.2032     18.0704      0.0586      4.0000      2.1429
 54380.1346     17.9750      0.0550      4.0000      1.4298
 54386.1630     18.0175      0.0550      4.0000      0.4855
 54407.1685     18.0074      0.0573      4.0000      1.3976
 54413.0909     18.0031      0.0561      4.0000      2.7476
 54591.4238     17.8726      0.0536      4.0000      6.6760
 54601.4308     17.9598      0.0573      4.0000      1.0746
 54624.3664     17.9925      0.0500      4.0000      0.5475
 54730.2128     17.9967      0.0561      4.0000      1.1613
 54740.1480     18.0802      0.0459      7.0000      1.7229
 54767.1138     18.0709      0.0508      5.0000      2.9761
 54788.0756     18.0220      0.0561      4.0000      0.9900
 54806.0660     18.0573      0.0684      4.0000      3.1290
 54822.0728     18.0539      0.0573      4.0000      2.6359
 54952.4473     17.9589      0.0573      4.0000      0.7748
 54978.4018     17.9217      0.0573      4.0000      2.9501
 54997.4138     17.9700      0.0550      4.0000      0.2479
 55040.2758     17.9452      0.0573      4.0000      1.2862
 55058.2750     17.9649      0.0511      4.0000      1.1127
 55071.1679     17.9598      0.0788      3.0000      1.4584
 55092.2157     17.9442      0.0561      4.0000      1.3198
 55098.1747     17.9883      0.0674      4.0000      1.8641
 55128.1342     18.0311      0.0573      4.0000      0.2828
 55141.0989     17.9532      0.0653      3.0000      2.8439
 55154.0731     17.9413      0.0674      4.0000      0.2773
 55326.4347     17.9536      0.0561      4.0000      0.6227
 55334.4239     17.8540      0.0597      4.0000      2.2642
 55340.3969     18.0550      0.0600      4.0000      0.4514
 55352.3905     17.9759      0.0573      4.0000      3.3915
 55360.3347     17.9825      0.0600      4.0000      0.0191
 55381.2774     18.0000      0.0600      4.0000      0.1667
 55454.2436     17.9767      0.0635      3.0000      0.0386
 55478.1590     18.1283      0.0688      3.0000      3.3771
 55482.1064     18.0009      0.0672      3.0000      0.1099
 55506.1226     17.9533      0.0808      3.0000      0.0034
 55517.1007     17.9695      0.0804      3.0000      1.7688
 55528.1041     18.1644      0.0862      3.0000      2.8072
 55679.4653     17.9490      0.0523      4.0000      2.8491
 55694.4268     18.0274      0.0661      4.0000      1.9438
 55706.4309     17.9850      0.0600      4.0000      0.7847
 55715.4107     18.0749      0.0611      4.0000      1.7596
 55823.1853     17.9996      0.0561      4.0000      2.9740
 55834.1365     17.9350      0.0550      4.0000      0.5372
 55850.1678     17.8735      0.0747      4.0000      1.0266
 56061.4276     17.9868      0.0586      4.0000      0.8573
 56076.4126     17.8950      0.0600      4.0000      0.2014
 56091.3798     18.0353      0.0611      4.0000      0.2825
 56164.1580     17.9825      0.0600      4.0000      0.2413
 56185.2543     18.0225      0.0550      4.0000      0.0723
 56192.1714     18.0204      0.0586      4.0000      2.9068
 56204.1061     17.9743      0.0573      4.0000      0.6024
 56227.1766     17.9244      0.0624      4.0000      3.5911
 56239.0837     17.9935      0.0769      4.0000      4.5170
 56253.1123     18.0990      0.0611      4.0000      1.7873
 56264.0740     18.0045      0.0586      4.0000      1.2213
 56424.4666     17.9575      0.0600      4.0000      0.5469
 56431.4294     17.9387      0.0586      4.0000      0.4817
 56444.4324     18.0525      0.0600      4.0000      1.3385
 56455.3324     17.9812      0.0636      4.0000      1.6009
 56463.3963     17.9409      0.0573      4.0000      2.0144
 56513.3090     17.9672      0.0586      4.0000      1.3407
 56532.2025     17.9400      0.0600      4.0000      1.0417
 56540.2388     17.8917      0.0586      4.0000      0.9778
 56549.2224     17.8926      0.0586      4.0000      6.2333
 56558.2018     17.9968      0.0586      4.0000      1.1212
 56564.1055     17.9981      0.0523      4.0000      1.6408
