 53481.4797     15.9075      0.0350      4.0000      0.0561
 53494.4476     15.9175      0.0350      4.0000      0.2602
 53505.4332     15.9050      0.0350      4.0000      0.0612
 53524.4464     15.9075      0.0350      4.0000      0.1786
 53530.4119     15.8925      0.0350      4.0000      0.0969
 53551.3815     15.9075      0.0350      4.0000      0.2194
 53562.3470     15.8700      0.0350      4.0000      0.1224
 53567.3896     15.8825      0.0350      4.0000      0.0153
 53637.1879     15.8575      0.0350      4.0000      3.9337
 53644.1744     15.8775      0.0350      4.0000      0.3010
 53653.1452     15.8925      0.0350      4.0000      0.5459
 53670.1275     15.8825      0.0350      4.0000      0.0561
 53686.1429     15.8725      0.0350      4.0000      0.0561
 53696.0645     15.8650      0.0350      4.0000      0.4286
 53706.0750     15.9025      0.0350      4.0000      0.3827
 53712.0790     15.8625      0.0350      4.0000      0.1378
 53848.4829     15.8600      0.0350      4.0000      0.2041
 53875.4440     15.8875      0.0350      4.0000      0.2602
 53881.4021     15.9025      0.0350      4.0000      0.2602
 53887.3635     15.9000      0.0350      4.0000      0.0408
 53903.3660     15.7750      0.0550      4.0000      1.2314
 53917.3330     15.9025      0.0350      4.0000      0.1786
 53937.3098     15.9000      0.0350      4.0000      0.0816
 53989.1568     15.9025      0.0350      4.0000      0.0153
 53996.1477     15.8956      0.0310      4.0000      0.0685
 54001.1674     15.9000      0.0350      4.0000      0.1224
 54030.1351     15.8625      0.0300      4.0000      0.5764
 54037.1413     15.8775      0.0300      4.0000      0.1875
 54055.0897     15.8932      0.0310      4.0000      0.1117
 54059.0589     15.9000      0.0424      2.0000      0.0556
 54060.0619     15.8852      0.0310      4.0000      0.0261
 54070.1027     15.8975      0.0400      4.0000      0.2305
 54081.0831     15.8537      0.0335      4.0000      0.4267
 54208.4877     15.9050      0.0350      4.0000      0.3878
 54236.4532     15.8386      0.0361      4.0000      4.4837
 54244.4117     15.8975      0.0350      4.0000      0.5459
 54259.3965     15.8825      0.0350      4.0000      0.1378
 54266.3488     15.8900      0.0350      4.0000      0.2041
 54277.3727     15.8875      0.0350      4.0000      0.1378
 54299.3436     16.4596      0.0401      4.0000    212.4877
 54354.2032     15.8850      0.0350      4.0000      0.0612
 54380.1346     15.8850      0.0350      4.0000      0.1020
 54386.1630     15.8815      0.0335      4.0000      0.6184
 54407.1685     15.8675      0.0350      4.0000      0.2602
 54413.0909     15.8800      0.0350      4.0000      0.1224
 54591.4238     15.8875      0.0350      4.0000      0.2602
 54601.4308     15.8800      0.0350      4.0000      0.0408
 54624.3664     15.8875      0.0300      4.0000      0.1875
 54730.2128     15.8950      0.0350      4.0000      0.1020
 54740.1480     15.9190      0.0269      7.0000     11.0654
 54767.1138     15.9030      0.0293      5.0000      0.3547
 54788.0756     15.8930      0.0335      4.0000      0.0687
 54806.0660     15.8925      0.0350      4.0000      0.1786
 54822.0728     15.9000      0.0350      4.0000      0.6122
 54952.4473     15.9025      0.0350      4.0000      0.3827
 54978.4018     15.8550      0.0350      4.0000      0.1020
 54997.4138     15.8600      0.0350      4.0000      0.6122
 55040.2758     15.8650      0.0350      4.0000      0.1837
 55058.2750     15.8764      0.0310      4.0000      0.8912
 55071.1712     15.9380      0.0369      4.0000      8.1000
 55092.2157     15.8725      0.0350      4.0000      0.1378
 55098.1747     15.8875      0.0350      4.0000      0.0969
 55128.1342     15.8800      0.0350      4.0000      0.1224
 55141.1022     15.9086      0.0361      4.0000      0.2958
 55154.0731     15.8925      0.0350      4.0000      0.0969
 55326.4347     15.9050      0.0350      4.0000      0.2653
 55334.4239     15.8925      0.0350      4.0000      0.0561
 55340.3969     15.8825      0.0350      4.0000      0.3010
 55352.3905     15.8700      0.0350      4.0000      0.2857
 55360.3347     15.8925      0.0350      4.0000      0.1786
 55381.2774     15.8850      0.0350      4.0000      0.0204
 55454.2436     15.9000      0.0404      3.0000      0.0000
 55478.1590     15.8667      0.0404      3.0000      0.2585
 55482.1064     15.8867      0.0404      3.0000      0.1769
 55506.1226     15.8933      0.0404      3.0000      0.1769
 55517.1007     15.8600      0.0404      3.0000      1.1020
 55528.1041     15.9000      0.0404      3.0000      0.0408
 55679.4653     15.9000      0.0300      4.0000      0.1667
 55694.4268     15.8850      0.0350      4.0000      0.1020
 55706.4309     15.9050      0.0350      4.0000      0.0204
 55715.4107     15.8925      0.0350      4.0000      0.3827
 55823.1853     15.9125      0.0350      4.0000      0.0969
 55834.1365     15.9225      0.0350      4.0000      0.0969
 55850.1678     15.8750      0.0400      4.0000      0.7969
 56061.4276     15.9000      0.0350      4.0000      0.1224
 56076.4126     15.8925      0.0350      4.0000      0.0153
 56091.3798     15.8825      0.0350      4.0000      0.1786
 56164.1580     15.8850      0.0350      4.0000      0.1837
 56185.2543     15.8625      0.0300      4.0000      0.1319
 56192.1714     15.8950      0.0350      4.0000      0.1020
 56204.1061     15.8775      0.0350      4.0000      0.1786
 56227.1766     15.8475      0.0350      4.0000      0.1786
 56239.0837     15.8775      0.0400      4.0000      0.1055
 56253.1123     15.8500      0.0350      4.0000      0.5306
 56264.0740     15.8925      0.0350      4.0000      0.6684
 56424.4666     15.8775      0.0350      4.0000      0.4235
 56431.4294     15.8850      0.0350      4.0000      0.1837
 56444.4324     15.8725      0.0350      4.0000      0.0153
 56455.3324     15.9250      0.0350      4.0000      1.6939
 56463.3963     15.8975      0.0350      4.0000      0.3010
 56513.3090     15.8675      0.0350      4.0000      0.1786
 56532.2025     15.8925      0.0350      4.0000      0.1378
 56540.2388     15.8750      0.0350      4.0000      0.1837
 56549.2224     15.8900      0.0350      4.0000      0.0408
 56558.2018     15.8675      0.0350      4.0000      0.9541
 56564.1055     15.8825      0.0300      4.0000      0.2431
