 53481.4797     18.0973      0.0647      4.0000      2.4666
 53494.4476     18.1535      0.0634      4.0000      4.1187
 53505.4332     18.1022      0.0624      4.0000      3.6203
 53524.4464     17.9748      0.0547      4.0000      5.6533
 53530.4119     18.0781      0.0583      4.0000      3.8384
 53551.3815     18.0168      0.0586      4.0000      1.7740
 53562.3470     18.0706      0.0597      4.0000      2.7993
 53567.3890     18.5225      0.0592      5.0000     85.3624
 53637.1879     18.0143      0.0586      4.0000      4.5974
 53644.1744     17.9061      0.0573      4.0000      2.3578
 53653.1452     18.0927      0.0636      4.0000      1.8797
 53670.1275     17.9596      0.0561      4.0000      5.5839
 53686.1429     18.3936      0.0686      4.0000      3.2897
 53696.0645     18.0285      0.0586      4.0000      0.5227
 53706.0766     18.6814      0.0606      5.0000    103.9243
 53712.0790     18.3689      0.0824      4.0000      2.7809
 53848.4829     18.0560      0.0661      4.0000      0.6097
 53875.4440     17.8649      0.0552      4.0000     22.3859
 53881.4021     18.0476      0.0573      4.0000      4.4972
 53887.3627     18.5054      0.0594      5.0000     83.5314
 53903.3660     18.0938      0.1494      4.0000     10.1891
 53917.3330     18.1137      0.0671      4.0000      3.6720
 53937.3091     18.4732      0.0594      5.0000    102.4111
 53989.1568     17.9458      0.0533      4.0000     10.8597
 53996.1477     18.0891      0.0561      4.0000      1.1804
 54001.1674     18.0328      0.0573      4.0000      6.1549
 54030.1351     18.0638      0.0561      4.0000      1.6510
 54037.1413     18.1596      0.0573      4.0000      8.9214
 54055.0897     18.1391      0.0573      4.0000      7.3109
 54059.0589     18.3650      0.0919      2.0000      0.0030
 54060.0619     18.3622      0.0636      4.0000      1.3966
 54070.1027     18.2457      0.0848      4.0000      1.0570
 54081.0831     18.2642      0.0624      4.0000      2.8887
 54208.4877     18.2759      0.0762      4.0000      0.3177
 54236.4523     18.4806      0.0663      5.0000     80.6601
 54244.4117     17.9533      0.0561      4.0000      2.2652
 54259.3965     18.1006      0.0611      4.0000      2.8203
 54266.3488     18.0171      0.0597      4.0000      8.1160
 54277.3727     18.0808      0.0611      4.0000      3.0813
 54299.3407     18.0520      0.0779      3.0000      0.5673
 54354.2025     19.0687      0.0579      5.0000    315.8558
 54380.1346     17.9875      0.0550      4.0000      0.7169
 54386.1608     19.0083      0.0606      5.0000    199.8000
 54407.1685     18.0667      0.0573      4.0000      4.5061
 54413.0909     17.9580      0.0561      4.0000      3.1201
 54591.4225     19.1166      0.0582      6.0000    281.2347
 54601.4308     18.0279      0.0597      4.0000      5.2633
 54624.3664     17.9651      0.0511      4.0000      2.7994
 54730.2128     18.1537      0.0594      4.0000      8.9212
 54740.1480     18.2751      0.0480      7.0000     25.2319
 54767.1138     17.8978      0.0482      5.0000      6.8808
 54788.0756     18.0158      0.0561      4.0000      3.9170
 54806.0660     18.2707      0.0731      4.0000      4.8022
 54822.0728     18.2953      0.0634      4.0000      6.8573
 54952.4473     18.1324      0.0617      4.0000     16.1241
 54978.4010     18.6948      0.0586      5.0000    127.5527
 54997.4138     18.1117      0.0583      4.0000     12.5834
 55040.2764     18.8079      0.0585      5.0000    171.2371
 55058.2750     17.9743      0.0523      4.0000      1.2210
 55071.1712     18.1050      0.0725      4.0000     11.7477
 55092.2157     17.9604      0.0561      4.0000      1.7875
 55098.1747     17.9913      0.0686      4.0000      0.4805
 55128.1342     18.0222      0.0573      4.0000      4.9506
 55141.1022     18.0827      0.0609      4.0000     13.8985
 55154.0731     17.8620      0.0636      4.0000      1.2556
 55326.4347     18.0085      0.0583      4.0000      7.0787
 55334.4239     17.9798      0.0619      4.0000      4.6243
 55340.3983     18.1363      0.0517      5.0000     49.2988
 55352.3905     18.0568      0.0586      4.0000      0.9962
 55360.3347     17.8991      0.0561      4.0000      1.0151
 55381.2774     18.0402      0.0597      4.0000      4.8859
 55454.2436     17.9871      0.0653      3.0000      3.7929
 55478.1590     18.1267      0.0693      3.0000      0.8380
 55482.1064     18.0520      0.0672      3.0000      0.7498
 55506.1226     17.7915      0.0739      3.0000     11.3620
 55517.1007     18.1487      0.0855      3.0000      4.9422
 55528.1041     18.2200      0.0862      3.0000      2.0717
 55679.4653     18.0043      0.0523      4.0000      7.6127
 55694.4268     18.0794      0.0661      4.0000      0.9170
 55706.4309     18.3642      0.0686      4.0000      1.1277
 55715.4107     17.9489      0.0573      4.0000      7.3052
 55823.1853     17.9550      0.0550      4.0000      0.7355
 55834.1365     18.0572      0.0567      4.0000     15.0532
 55850.1678     18.2193      0.0859      4.0000      1.1429
 56061.4276     17.9915      0.0573      4.0000      3.0869
 56076.4126     17.9706      0.0611      4.0000      1.9870
 56091.3798     18.0337      0.0611      4.0000      0.4730
 56164.1580     18.2350      0.0650      4.0000      0.4556
 56185.2543     17.9550      0.0500      4.0000      0.1900
 56192.1714     17.9565      0.0573      4.0000      7.0712
 56204.1039     18.6449      0.0603      5.0000     75.8434
 56227.1766     18.2709      0.0724      4.0000      2.0091
 56239.0838     19.1019      0.0780      5.0000    213.6612
 56253.1123     18.2627      0.0636      4.0000      1.8679
 56264.0740     18.1250      0.0600      4.0000      1.2014
 56424.4666     18.1435      0.0636      4.0000      0.4010
 56431.4294     17.9725      0.0600      4.0000      0.3108
 56444.4332     18.5135      0.0567      5.0000    117.8959
 56455.3324     17.9944      0.0620      4.0000      6.3638
 56463.3963     18.1480      0.0621      4.0000      3.2691
 56513.3090     17.9519      0.0586      4.0000      1.5292
 56532.2004     18.4930      0.0602      5.0000     71.1209
 56540.2388     17.9645      0.0611      4.0000      1.6348
 56549.2224     17.7533      0.0555      4.0000     18.1541
 56558.2018     18.1432      0.0617      4.0000      8.6657
 56564.1055     17.9100      0.0500      4.0000      2.9400
