 53563.4446     18.3669      0.0684      4.0000      3.0988
 53627.2655     18.5671      0.0802      4.0000      6.5692
 53636.3184     18.4168      0.0709      4.0000      5.8189
 53650.2931     18.5400      0.0866      3.0000      0.2489
 53670.2666     18.2300      0.1300      1.0000      0.0000
 53671.2257     18.4523      0.0845      3.0000      0.7717
 53703.0771     18.4767      0.0808      3.0000      0.3095
 53727.1021     18.2267      0.0751      3.0000      0.3590
 53729.1371     18.3889      0.0674      4.0000      2.5937
 53757.0986     18.3620      0.0764      3.0000      3.0129
 53758.0958     18.3981      0.0804      3.0000      3.0452
 53766.0933     18.3077      0.0760      3.0000      6.1968
 53767.0905     18.2625      0.0764      3.0000      4.0051
 53937.4307     18.4717      0.0745      4.0000      1.8821
 53975.3823     18.4150      0.0650      4.0000      0.3136
 53990.4562     18.4113      0.0661      4.0000      1.2992
 54024.2420     18.4362      0.0746      3.0000      1.7687
 54025.2057     18.3903      0.0730      3.0000      0.0129
 54027.1952     18.4167      0.0751      3.0000      0.2880
 54028.2965     18.3184      0.0711      3.0000      0.5496
 54029.2085     18.3826      0.0730      3.0000      1.1864
 54030.2876     18.3176      0.0711      3.0000      0.2301
 54050.2143     18.3824      0.0730      3.0000      1.1656
 54052.1695     18.3178      0.0711      3.0000      0.2644
 54056.2024     18.3733      0.0751      3.0000      0.0039
 54080.2062     18.4628      0.0661      4.0000      1.8490
 54127.0992     18.6745      0.0873      3.0000     16.7353
 54264.4555     18.2868      0.1307      2.0000      0.2483
 54345.4840     18.3927      0.0768      3.0000      1.4815
 54377.3070     18.3867      0.0751      3.0000      0.1696
 54393.2019     18.4620      0.0768      3.0000      0.9452
 54404.2104     18.3700      0.0751      3.0000      0.1538
 54411.2223     18.5144      0.0788      3.0000      0.4686
 54416.1807     18.3118      0.0730      3.0000      0.5152
 54421.2726     18.4475      0.0768      3.0000      0.0901
 54439.1805     18.5207      0.0788      3.0000      0.1404
 54449.0927     18.3292      0.0730      3.0000      1.0766
 54477.0984     18.2838      0.0711      3.0000      1.9790
 54729.3926     18.3537      0.0730      3.0000      2.2500
 54738.3329     18.3651      0.0711      3.0000      0.5454
 54747.2933     18.4533      0.0751      3.0000      0.5010
 54768.3592     18.3755      0.0730      3.0000      1.0504
 54778.2592     18.4163      0.0730      3.0000      1.2924
 54789.1325     18.4721      0.0746      3.0000      3.5236
 55042.3584     18.3343      0.0942      3.0000      0.3996
 55043.4189     18.4674      0.0961      3.0000      0.0778
 55072.4077     18.4451      0.0942      3.0000      0.4396
 55073.3293     18.4349      0.1019      3.0000      0.4737
 55084.4216     18.2318      0.0842      3.0000      2.3082
 55113.2462     18.4000      0.0746      3.0000      4.8593
 55114.2089     18.6159      0.1065      3.0000      0.9184
 55157.1646     18.3273      0.0711      3.0000      2.0904
 55181.1091     18.3956      0.0671      4.0000      0.2633
 55208.0843     18.3947      0.0658      4.0000      6.4192
 55499.2040     18.4210      0.0784      3.0000      1.8884
 55506.2967     18.4335      0.0647      3.0000      7.3919
 55527.2060     18.3515      0.0920      3.0000      0.4105
 55532.1850     18.3800      0.0788      3.0000      1.6547
 55538.1133     18.4361      0.0788      3.0000      1.4614
 55559.0771     18.5050      0.0990      2.0000      0.2066
 55566.0791     18.3127      0.0547      4.0000      8.8929
 55577.1589     18.5963      0.0871      4.0000      8.1119
 55588.0949     18.4180      0.0824      4.0000      1.4994
 55822.4690     18.3677      0.0649      4.0000     25.1683
 55825.3243     18.4268      0.0586      4.0000      0.8434
 55850.3372     18.3762      0.0908      4.0000      1.3696
 55862.1751     18.3942      0.0661      4.0000      0.8089
 55881.1823     18.4170      0.0661      4.0000      0.8671
 55888.1403     18.3553      0.0636      4.0000      2.5663
 55893.1708     18.3985      0.0647      4.0000      6.8074
 55940.1289     18.2778      0.0636      4.0000      2.0549
 56164.4173     18.3955      0.0697      4.0000      2.5057
 56184.3553     18.3807      0.0674      4.0000      1.8283
 56206.3496     18.2829      0.0647      4.0000      2.8684
 56222.2067     18.1820      0.0598      4.0000     32.1037
 56234.1558     18.3381      0.0661      4.0000      0.9075
 56243.1851     18.4700      0.0600      4.0000      0.2917
 56266.0825     18.4694      0.0611      4.0000      1.5052
 56272.1664     18.4500      0.0600      4.0000      0.2639
 56296.0908     18.3625      0.0650      4.0000      0.2293
 56302.0847     18.2473      0.0731      4.0000      3.7893
 56540.3706     18.3653      0.0684      4.0000      1.6781
 56541.3481     18.4160      0.0724      4.0000      0.2389
 56560.2842     18.4496      0.0674      4.0000      0.9876
