 53481.4792     15.2550      0.0300      4.0000      0.5833
 53494.4460     15.2750      0.0300      4.0000      0.0833
 53505.4322     15.2650      0.0300      4.0000      0.0278
 53524.4442     15.2625      0.0300      4.0000      0.0208
 53551.3853     15.2625      0.0300      4.0000      0.0764
 53559.3288     15.2375      0.0300      4.0000      0.5208
 53562.3518     15.2600      0.0300      4.0000      0.2778
 53567.3912     15.2375      0.0300      4.0000      0.2431
 53639.1637     15.2575      0.0300      4.0000      0.0208
 53646.1538     15.2525      0.0300      4.0000      0.2431
 53653.1457     15.2525      0.0300      4.0000      0.8542
 53669.1857     15.2450      0.0300      4.0000      0.4722
 53686.1627     15.2550      0.0300      4.0000      0.1389
 53706.0935     15.2500      0.0300      4.0000      0.2778
 53834.4919     15.2250      0.0300      4.0000      0.2500
 53848.4834     15.2375      0.0300      4.0000      0.6875
 53861.4465     15.2525      0.0300      4.0000      0.1875
 53874.4141     15.2249      0.0461      4.0000      1.6198
 53875.4445     15.2325      0.0300      4.0000      0.1319
 53881.4003     15.2600      0.0300      4.0000      0.1111
 53904.3668     15.1850      0.0450      4.0000      0.0617
 53907.3492     15.2400      0.0300      4.0000      0.5000
 53917.3766     15.2575      0.0300      4.0000      0.2431
 53940.2450     15.2250      0.0350      4.0000      1.3265
 53989.1574     15.2725      0.0300      4.0000      0.1319
 53996.1483     15.2625      0.0300      4.0000      0.0764
 54004.1527     15.2500      0.0300      4.0000      0.5000
 54030.1325     15.1650      0.0300      4.0000     14.4722
 54037.1418     15.2575      0.0300      4.0000      0.0208
 54052.0932     15.2400      0.0300      4.0000      0.0000
 54058.0835     15.2475      0.0300      4.0000      0.0764
 54070.1031     15.2450      0.0350      4.0000      0.3878
 54212.4662     15.2650      0.0300      4.0000      0.0833
 54236.4505     15.2115      0.0318      4.0000      3.9501
 54244.4325     15.2625      0.0300      4.0000      0.0208
 54265.3630     15.2475      0.0300      4.0000      0.2986
 54299.2742     15.2500      0.0424      2.0000      0.0000
 54355.1836     15.2175      0.0300      4.0000      0.0764
 54380.1597     15.2375      0.0300      4.0000      0.0764
 54386.1641     15.2325      0.0300      4.0000      0.0208
 54407.1680     15.2400      0.0300      4.0000      0.0556
 54413.0936     15.2375      0.0300      4.0000      0.0764
 54570.4748     15.2250      0.0300      4.0000      0.0278
 54583.4427     15.2175      0.0300      4.0000      0.4097
 54591.4243     15.2425      0.0300      4.0000      0.1875
 54623.3791     15.2300      0.0300      4.0000      0.0000
 54730.2101     15.2375      0.0300      4.0000      0.2431
 54736.2320     15.2425      0.0300      4.0000      0.0764
 54745.1656     15.2425      0.0300      4.0000      0.0764
 54769.1400     15.2300      0.0300      4.0000      0.0556
 54806.0645     15.2300      0.0300      4.0000      1.7222
 54822.0746     15.2725      0.0300      4.0000      1.8542
 54949.4612     15.2375      0.0300      4.0000      0.0764
 54997.4150     15.2475      0.0300      4.0000      0.0208
 55028.2546     15.2400      0.0600      1.0000      0.0000
 55034.3236     15.2175      0.0350      4.0000      5.5663
 55040.2764     15.2250      0.0300      4.0000      0.1389
 55060.2190     15.2525      0.0300      4.0000      0.1319
 55071.1469     15.2275      0.0300      4.0000      0.5208
 55092.2169     15.2400      0.0300      4.0000      0.0556
 55098.1752     15.2550      0.0300      4.0000      0.0833
 55121.1575     15.2450      0.0300      4.0000      0.1389
 55128.1378     15.2300      0.0300      4.0000      0.1111
 55144.0729     15.2400      0.0300      4.0000      0.1111
 55154.0751     15.2675      0.0300      4.0000      1.9653
 55325.4258     15.2575      0.0300      4.0000      0.6875
 55336.3946     15.2525      0.0300      4.0000      0.1875
 55352.3623     15.2325      0.0300      4.0000      0.0764
 55360.3370     15.2500      0.0300      4.0000      0.0000
 55381.2785     15.2300      0.0300      4.0000      0.2222
 55454.2442     15.2500      0.0346      3.0000      0.0556
 55478.1913     15.2300      0.0346      3.0000      0.0556
 55482.1069     15.2267      0.0346      3.0000      0.0185
 55498.0897     15.2200      0.0346      3.0000      0.0556
 55506.1213     15.2133      0.0346      3.0000      0.2963
 55517.1012     15.2100      0.0346      3.0000      0.2222
 55531.0732     15.2000      0.0346      3.0000      0.3889
 55662.4851     15.2375      0.0300      4.0000      0.4097
 55680.4665     15.2625      0.0300      4.0000      0.4097
 55694.4262     15.2500      0.0300      4.0000      0.3889
 55706.4303     15.2400      0.0300      4.0000      0.2222
 55823.1870     15.2675      0.0300      4.0000      0.1319
 55834.1382     15.2650      0.0300      4.0000      0.1389
 55850.1674     15.2625      0.0350      4.0000      0.6276
 56044.4637     15.2500      0.0300      4.0000      0.0556
 56061.4282     15.2600      0.0300      4.0000      0.0000
 56076.4106     15.2600      0.0300      4.0000      0.0556
 56091.3815     15.2475      0.0300      4.0000      0.3542
 56164.1586     15.2525      0.0300      4.0000      1.2431
 56176.2823     15.1925      0.0300      4.0000      0.8542
 56185.2536     15.2475      0.0300      4.0000      0.1319
 56192.1474     15.2450      0.0300      4.0000      0.2500
 56205.1440     15.2300      0.0300      4.0000      0.2222
 56227.1780     15.2350      0.0300      4.0000      0.5833
 56264.0746     15.2350      0.0300      4.0000      0.2500
 56424.4660     15.2575      0.0300      4.0000      0.0764
 56431.4300     15.2450      0.0300      4.0000      0.0278
 56445.4109     15.2550      0.0300      4.0000      0.0278
 56455.3319     15.2925      0.0300      4.0000      5.2431
 56463.3980     15.2400      0.0300      4.0000      0.1667
 56513.3084     15.2425      0.0300      4.0000      0.0764
 56532.2240     15.2325      0.0300      4.0000      0.0764
 56540.2399     15.2375      0.0300      4.0000      0.1875
 56549.1560     15.2250      0.0300      4.0000      0.4722
 56560.1767     15.2300      0.0300      4.0000      0.0556
