 53481.4792     18.0263      0.0636      4.0000      0.4065
 53494.4460     17.9348      0.0573      4.0000      1.1276
 53505.4322     17.9483      0.0573      4.0000      5.4774
 53524.4442     17.9498      0.0561      4.0000      1.2307
 53551.3853     17.9966      0.0586      4.0000      0.8907
 53559.3288     17.9125      0.0550      4.0000      0.0227
 53562.3518     18.0175      0.0600      4.0000      0.4358
 53567.3912     17.9600      0.0600      4.0000      1.7917
 53639.1637     18.0392      0.0611      4.0000      1.4945
 53646.1538     17.9500      0.0600      4.0000      0.5972
 53653.1457     17.9681      0.0586      4.0000      2.9241
 53669.1857     18.0528      0.0586      4.0000      1.8320
 53686.1627     17.8991      0.0561      4.0000      3.7472
 53706.0935     17.9491      0.0586      4.0000      0.6442
 53834.4919     18.0029      0.0647      4.0000      2.1166
 53848.4834     18.0350      0.0647      4.0000      2.4469
 53861.4465     17.9800      0.0600      4.0000      0.5417
 53874.4141     18.8827      0.2429      4.0000      2.2378
 53875.4445     17.9900      0.0600      4.0000      0.4861
 53881.4003     17.9775      0.0550      4.0000      0.2541
 53904.3668     17.8194      0.1408      4.0000      0.4597
 53907.3492     18.0050      0.0600      4.0000      0.7847
 53917.3766     17.9746      0.0624      4.0000      0.7176
 53940.2450     17.9573      0.0784      4.0000      2.5271
 53989.1574     18.0050      0.0550      4.0000      0.1405
 53996.1483     17.9725      0.0550      4.0000      1.4277
 54004.1527     18.0618      0.0561      4.0000      2.7137
 54030.1325     17.9450      0.0550      4.0000      2.2893
 54037.1418     17.9256      0.0536      4.0000      2.4110
 54052.0932     18.0175      0.0550      4.0000      0.4360
 54058.0835     17.9725      0.0550      4.0000      1.5103
 54070.1031     18.0206      0.0772      4.0000      1.8434
 54212.4662     18.0421      0.0586      4.0000      1.6389
 54236.4505     17.8434      0.0645      4.0000      3.1814
 54244.4325     17.8831      0.0561      4.0000      2.5162
 54265.3630     18.0251      0.0611      4.0000      1.3468
 54299.2742     17.9500      0.0849      2.0000      0.0139
 54355.1836     17.9500      0.0550      4.0000      0.6446
 54380.1597     17.9725      0.0550      4.0000      1.2955
 54386.1641     17.9550      0.0550      4.0000      0.3719
 54407.1680     17.9525      0.0550      4.0000      1.3120
 54413.0936     18.0318      0.0561      4.0000      1.1599
 54570.4748     17.9578      0.0686      4.0000      2.1077
 54583.4427     17.9488      0.0592      4.0000     14.1140
 54591.4243     17.9313      0.0561      4.0000      0.6659
 54623.3791     17.9925      0.0500      4.0000      0.4475
 54730.2101     18.0111      0.0561      4.0000      3.8095
 54736.2320     18.0413      0.0561      4.0000      0.9469
 54745.1656     17.9982      0.0561      4.0000      2.4240
 54769.1400     18.0391      0.0561      4.0000      0.5523
 54806.0645     17.9069      0.0636      4.0000      1.6297
 54822.0746     18.0093      0.0573      4.0000      0.6057
 54949.4612     17.9648      0.0573      4.0000      1.2809
 54997.4150     17.9725      0.0550      4.0000      0.1054
 55028.2546     17.9800      0.1300      1.0000      0.0000
 55034.3236     17.9039      0.0751      4.0000      1.4192
 55040.2764     17.9311      0.0561      4.0000      0.7788
 55060.2190     17.9771      0.0561      4.0000      1.0859
 55071.1469     17.9376      0.0684      4.0000      3.4947
 55092.2169     17.8850      0.0550      4.0000      0.7355
 55098.1752     17.9362      0.0658      4.0000      2.6314
 55121.1575     17.8900      0.0550      4.0000      1.0744
 55128.1378     17.8865      0.0536      4.0000      4.7671
 55144.0729     18.0333      0.0573      4.0000      2.6117
 55154.0751     17.9792      0.0661      4.0000      0.7309
 55325.4258     17.9675      0.0597      4.0000      4.6171
 55336.3946     18.0075      0.0600      4.0000      0.2691
 55352.3623     17.9171      0.0561      4.0000      2.4744
 55360.3370     17.9541      0.0573      4.0000      3.1437
 55381.2785     18.0036      0.0586      4.0000      4.4987
 55454.2442     18.0491      0.0672      3.0000      0.9441
 55478.1913     17.9467      0.0635      3.0000      0.7658
 55482.1069     17.9847      0.0653      3.0000      0.3095
 55498.0897     18.0231      0.0672      3.0000      1.5183
 55506.1213     17.9062      0.0768      3.0000      1.2491
 55517.1012     18.0474      0.0826      3.0000      2.3204
 55531.0732     17.9633      0.0808      3.0000      0.0238
 55662.4851     18.0698      0.0661      4.0000      1.4738
 55680.4665     17.9874      0.0533      4.0000      0.6325
 55694.4262     17.9290      0.0636      4.0000      0.5662
 55706.4303     17.9239      0.0573      4.0000      0.4277
 55823.1870     17.9925      0.0550      4.0000      2.0888
 55834.1382     17.9936      0.0561      4.0000      0.3252
 55850.1674     17.9569      0.0774      4.0000      0.8090
 56044.4637     18.0075      0.0600      4.0000      0.9358
 56061.4282     18.0529      0.0597      4.0000      5.3866
 56076.4106     17.9225      0.0600      4.0000      0.5191
 56091.3815     17.9415      0.0586      4.0000      2.6653
 56164.1586     17.9035      0.0573      4.0000      0.2250
 56176.2823     17.7600      0.0600      4.0000      8.6806
 56185.2536     17.9883      0.0511      4.0000      2.5133
 56192.1474     17.9700      0.0600      4.0000      0.9306
 56205.1440     18.0248      0.0597      4.0000      3.4724
 56227.1780     18.0248      0.0647      4.0000      5.6096
 56264.0746     17.9521      0.0586      4.0000      1.0695
 56424.4660     17.9902      0.0586      4.0000      1.9116
 56431.4300     17.9800      0.0600      4.0000      0.4306
 56445.4109     17.9396      0.0586      4.0000      2.0678
 56455.3319     18.0648      0.0647      4.0000      1.9465
 56463.3980     17.9847      0.0586      4.0000      1.2901
 56513.3084     17.9848      0.0597      4.0000      2.1486
 56532.2240     18.0161      0.0611      4.0000      0.3108
 56540.2399     18.0350      0.0600      4.0000      0.2014
 56549.1560     17.9559      0.0573      4.0000      5.7200
 56560.1767     17.9496      0.0561      4.0000      1.2550
