 53481.4792     17.6000      0.0536      4.0000      2.3174
 53494.4460     17.5900      0.0500      4.0000      1.4200
 53505.4322     17.6322      0.0511      4.0000      1.9881
 53524.4442     17.6300      0.0500      4.0000      1.1800
 53551.3853     17.5750      0.0500      4.0000      0.2100
 53559.3288     17.5800      0.0500      4.0000      0.1400
 53562.3518     17.5875      0.0500      4.0000      1.3075
 53567.3912     17.5150      0.0500      4.0000      0.2900
 53639.1637     17.5859      0.0511      4.0000      2.7397
 53646.1538     17.6291      0.0536      4.0000      0.5857
 53653.1457     17.5993      0.0536      4.0000      0.8106
 53669.1857     17.5425      0.0500      4.0000      0.9075
 53686.1627     17.5500      0.0500      4.0000      0.3000
 53706.0935     17.5775      0.0500      4.0000      1.2275
 53834.4919     17.5375      0.0550      4.0000      1.0971
 53848.4834     17.5675      0.0550      4.0000      1.0310
 53861.4465     17.5895      0.0523      4.0000      0.7288
 53874.4141     17.6921      0.1269      4.0000      8.8016
 53875.4445     17.5885      0.0511      4.0000      0.3181
 53881.4003     17.6125      0.0500      4.0000      0.1875
 53904.3668     17.4093      0.1131      4.0000      0.8499
 53907.3492     17.5838      0.0523      4.0000      0.4705
 53917.3766     17.5550      0.0550      4.0000      0.3719
 53940.2450     17.6081      0.0670      4.0000      2.2319
 53989.1574     17.6050      0.0500      4.0000      0.4500
 53996.1483     17.5925      0.0500      4.0000      0.6475
 54004.1527     17.6000      0.0500      4.0000      0.5400
 54030.1325     17.5875      0.0500      4.0000      0.2075
 54037.1418     17.5511      0.0473      4.0000      0.2859
 54052.0932     17.5853      0.0473      4.0000      2.4726
 54058.0835     17.6325      0.0500      4.0000      0.0675
 54070.1031     17.5398      0.0624      4.0000      1.1525
 54212.4662     17.6073      0.0511      4.0000      1.3431
 54236.4505     17.3813      0.0558      4.0000     10.9138
 54244.4325     17.6025      0.0500      4.0000      0.4475
 54265.3630     17.5763      0.0511      4.0000      0.8007
 54299.2742     17.5300      0.0707      2.0000      2.4200
 54355.1836     17.5175      0.0500      4.0000      0.2075
 54380.1597     17.5476      0.0473      4.0000      1.6920
 54386.1641     17.5997      0.0486      4.0000      1.4584
 54407.1680     17.5600      0.0500      4.0000      1.9400
 54413.0936     17.5692      0.0486      4.0000      0.9011
 54570.4748     17.5925      0.0600      4.0000      0.6441
 54583.4427     17.5607      0.0523      4.0000      2.3857
 54591.4243     17.5625      0.0500      4.0000      0.3675
 54623.3791     17.5950      0.0450      4.0000      0.5062
 54730.2101     17.4919      0.0461      4.0000      1.5473
 54736.2320     17.5975      0.0500      4.0000      0.4875
 54745.1656     17.6400      0.0500      4.0000      1.7000
 54769.1400     17.5650      0.0500      4.0000      0.4500
 54806.0645     17.5661      0.0573      4.0000      3.7740
 54822.0746     17.5505      0.0486      4.0000      2.9318
 54949.4612     17.6637      0.0511      4.0000      0.5908
 54997.4150     17.5525      0.0500      4.0000      1.1275
 55028.2546     17.5700      0.1100      1.0000      0.0000
 55034.3236     17.4671      0.0629      4.0000      1.0323
 55040.2764     17.5325      0.0500      4.0000      0.7475
 55060.2190     17.5750      0.0500      4.0000      0.0500
 55071.1469     17.5102      0.0586      4.0000      2.1616
 55092.2169     17.5625      0.0500      4.0000      0.4275
 55098.1752     17.4976      0.0561      4.0000      1.6948
 55121.1575     17.5775      0.0500      4.0000      0.6275
 55128.1378     17.5500      0.0500      4.0000      0.4600
 55144.0729     17.5650      0.0500      4.0000      1.7700
 55154.0751     17.6057      0.0573      4.0000      1.6174
 55325.4258     17.6170      0.0536      4.0000      2.0086
 55336.3946     17.6050      0.0500      4.0000      0.2500
 55352.3623     17.5638      0.0486      4.0000      4.0611
 55360.3370     17.5625      0.0500      4.0000      0.5475
 55381.2785     17.5934      0.0511      4.0000      3.3009
 55454.2442     17.6233      0.0577      3.0000      1.4467
 55478.1913     17.5467      0.0577      3.0000      0.4867
 55482.1069     17.5667      0.0577      3.0000      0.6867
 55498.0897     17.5933      0.0577      3.0000      0.1267
 55506.1213     17.5067      0.0635      3.0000      0.2700
 55517.1012     17.4788      0.0653      3.0000      3.9103
 55531.0732     17.6103      0.0711      3.0000      0.0129
 55662.4851     17.6050      0.0550      4.0000      0.4711
 55680.4665     17.6405      0.0482      4.0000      5.8442
 55694.4262     17.5700      0.0550      4.0000      1.5372
 55706.4303     17.4600      0.0500      4.0000      0.0600
 55823.1870     17.6850      0.0500      4.0000      0.2500
 55834.1382     17.7105      0.0511      4.0000      2.2032
 55850.1674     17.5450      0.0650      4.0000      0.5385
 56044.4637     17.5950      0.0500      4.0000      1.7300
 56061.4282     17.6250      0.0500      4.0000      0.6100
 56076.4106     17.6725      0.0550      4.0000      0.5186
 56091.3815     17.6139      0.0511      4.0000      1.0170
 56164.1586     17.5475      0.0500      4.0000      0.8875
 56176.2823     17.5260      0.0533      4.0000      3.4443
 56185.2536     17.5175      0.0450      4.0000      0.6019
 56192.1474     17.5600      0.0500      4.0000      0.1400
 56205.1440     17.5550      0.0500      4.0000      1.6500
 56227.1780     17.4983      0.0523      4.0000      2.0177
 56264.0746     17.5413      0.0486      4.0000      3.7301
 56424.4660     17.6310      0.0511      4.0000      0.1940
 56431.4300     17.5400      0.0500      4.0000      0.1600
 56445.4109     17.5450      0.0500      4.0000      0.2500
 56455.3319     17.6126      0.0533      4.0000      3.3127
 56463.3980     17.5650      0.0500      4.0000      1.0700
 56513.3084     17.5975      0.0500      4.0000      0.0675
 56532.2240     17.5000      0.0500      4.0000      0.2400
 56540.2399     17.5444      0.0511      4.0000      1.9097
 56549.1560     17.4975      0.0500      4.0000      0.1475
 56560.1767     17.4925      0.0500      4.0000      0.4875
