 53481.4855     20.0600      0.3400      1.0000      0.0000
 53494.4498     19.8150      0.1894      2.0000      0.5222
 53505.4248     19.7292      0.1822      2.0000      0.4464
 53524.4464     19.7083      0.1119      4.0000     11.4530
 53530.4097     19.7728      0.1701      2.0000      4.2365
 53551.3853     20.0087      0.2107      2.0000      0.3890
 53562.3429     19.9686      0.1568      3.0000      4.7142
 53567.3868     19.7000      0.2700      1.0000      0.0000
 53637.1766     19.4600      0.2300      1.0000      0.0000
 53644.1744     20.4819      0.2588      2.0000      2.5274
 53653.1565     20.6000      0.4300      1.0000      0.0000
 53670.1243     19.3250      0.0790      3.0000    547.7040
 53686.1458     20.0500      0.3000      1.0000      0.0000
 53696.0669     20.2182      0.1642      3.0000     10.7492
 53706.0741     19.7694      0.1483      3.0000      3.6844
 53875.4440     20.0184      0.2108      2.0000      2.2840
 53881.4004     19.6813      0.1332      3.0000      2.4095
 53887.3635     19.9011      0.1509      4.0000      0.9485
 53917.3426     19.9000      0.3200      1.0000      0.0000
 53937.3133     19.6225      0.1457      3.0000      2.7589
 53989.1605     19.8100      0.2500      1.0000      0.0000
 53996.1477     20.1290      0.1215      4.0000     50.4205
 54001.1674     19.8978      0.1102      4.0000     41.4244
 54030.1448     19.5700      0.2200      1.0000      0.0000
 54055.0765     19.9200      0.2600      1.0000      0.0000
 54060.0649     19.1900      0.1800      1.0000      0.0000
 54070.0961     19.9000      0.4000      1.0000      0.0000
 54208.4861     19.3265      0.1605      2.0000      8.9152
 54236.4581     19.6900      0.2600      1.0000      0.0000
 54244.4117     19.6639      0.1198      4.0000      2.2657
 54259.3868     19.8500      0.2700      1.0000      0.0000
 54266.3621     19.7000      0.2600      1.0000      0.0000
 54277.3727     20.2228      0.1470      4.0000     16.1829
 54299.3496     19.4246      0.1946      2.0000      1.4763
 54354.2032     19.7398      0.1751      2.0000      1.1520
 54380.1258     19.9900      0.2800      1.0000      0.0000
 54386.1555     20.0558      0.1941      2.0000      2.5052
 54407.1649     19.4816      0.1519      2.0000      0.2129
 54413.0855     19.7009      0.1661      2.0000      0.0582
 54591.4257     19.7513      0.1339      3.0000     10.8487
 54601.4340     20.0702      0.1701      3.0000      2.5495
 54624.3664     19.8613      0.1135      4.0000      2.8706
 54730.2160     20.1208      0.2085      2.0000      0.0576
 54788.0746     20.1790      0.1479      3.0000     16.3109
 54952.4363     19.3500      0.2100      1.0000      0.0000
 54978.4018     19.6904      0.1244      4.0000      0.6240
 54997.4128     19.5609      0.1238      3.0000      9.5324
 55040.2758     19.8501      0.1319      4.0000      2.3685
 55058.2762     19.6858      0.1126      3.0000     26.9555
 55071.1620     19.2100      0.2500      1.0000      0.0000
 55092.2157     19.8000      0.1838      2.0000      0.0266
 55128.1388     19.1800      0.1900      1.0000      0.0000
 55141.0990     19.7800      0.2500      1.0000      0.0000
 55154.0722     19.7431      0.1842      3.0000      0.1399
 55334.4162     19.4971      0.1693      2.0000      1.0175
 55352.3981     19.8837      0.1905      2.0000      0.2774
 55360.3367     20.5800      0.4100      1.0000      0.0000
 55454.2436     20.0516      0.1672      3.0000      0.1269
 55478.1458     19.7400      0.2500      1.0000      0.0000
 55506.1299     20.6200      0.5400      1.0000      0.0000
 55679.4653     19.5706      0.1010      4.0000      0.6393
 55706.4309     19.4416      0.1590      2.0000      0.1943
 55715.4165     20.0139      0.2149      2.0000      0.1403
 55823.1853     19.7610      0.1115      4.0000     20.1860
 55834.1246     19.6500      0.2400      1.0000      0.0000
 56061.4153     19.3800      0.2100      1.0000      0.0000
 56076.4166     19.6791      0.1506      3.0000      2.4938
 56091.3798     19.8678      0.1273      4.0000     19.9190
 56164.1632     19.8056      0.1874      2.0000      1.5982
 56185.2635     19.8130      0.1622      2.0000      0.1881
 56192.1688     19.8430      0.1497      3.0000      7.1859
 56204.1061     19.8004      0.1873      2.0000      0.0114
 56239.0860     19.4300      0.3200      1.0000      0.0000
 56253.1098     19.3700      0.2200      1.0000      0.0000
 56264.0772     19.7111      0.1457      3.0000      0.3650
 56424.4666     19.7789      0.1756      2.0000      5.6602
 56431.4294     19.6810      0.1802      2.0000      1.6616
 56444.4281     19.5381      0.1693      2.0000      0.1980
 56455.3347     19.8347      0.1938      2.0000      6.0725
 56463.3971     19.8240      0.1513      3.0000      3.7433
 56513.3090     20.3712      0.1572      4.0000     15.9507
 56532.2036     19.4513      0.1308      3.0000      5.1766
 56540.2304     19.3800      0.2300      1.0000      0.0000
 56558.2060     19.7957      0.1894      2.0000      0.6024
 56564.1045     20.0016      0.1367      3.0000      4.2513
