 53481.4792     19.1278      0.1030      4.0000      2.0499
 53494.4460     19.0238      0.0903      4.0000      3.8288
 53505.4322     18.8564      0.0814      4.0000      8.1503
 53524.4442     18.7424      0.0774      4.0000      1.2114
 53551.3853     18.9112      0.0862      4.0000      0.5029
 53559.3288     18.8890      0.0835      4.0000      2.6822
 53562.3518     18.9384      0.0870      4.0000      2.3957
 53567.3912     18.9542      0.0893      4.0000      2.6740
 53639.1637     18.8384      0.0828      4.0000      3.6098
 53646.1538     18.9510      0.0899      4.0000      6.7455
 53653.1457     19.2106      0.1020      4.0000      1.1122
 53669.1857     18.8764      0.0812      4.0000     17.6465
 53686.1638     19.4153      0.0978      3.0000     76.5912
 53706.0935     18.9913      0.0882      4.0000      3.0449
 53834.4926     19.2224      0.1273      3.0000      0.7488
 53848.4800     18.7238      0.1001      3.0000      9.9994
 53861.4465     19.0690      0.0958      4.0000      1.5623
 53875.4445     19.0099      0.0920      4.0000      1.9185
 53881.4003     18.8850      0.0800      4.0000      0.3008
 53907.3492     18.7072      0.0835      4.0000      1.2602
 53917.3766     18.8976      0.0925      4.0000      4.1966
 53940.2450     18.7750      0.1100      4.0000     10.5478
 53989.1574     18.9548      0.0824      4.0000      1.1579
 53996.1483     18.9091      0.0795      4.0000      3.6592
 54004.1527     18.9156      0.0798      4.0000      0.8216
 54030.1325     18.9482      0.0802      4.0000      5.1930
 54037.1418     19.0891      0.0859      4.0000      6.1783
 54052.0932     18.9177      0.0798      4.0000      2.1646
 54058.0835     18.9688      0.0802      4.0000      5.8264
 54070.1023     18.9956      0.1339      3.0000      6.6537
 54212.4662     18.9569      0.0874      4.0000      0.6723
 54236.4505     18.7273      0.0986      4.0000      2.3777
 54244.4325     18.8100      0.0800      4.0000      0.2109
 54265.3630     18.9224      0.0885      4.0000      1.6219
 54299.2742     18.6575      0.1105      2.0000      7.9383
 54355.1836     18.9691      0.0836      4.0000      8.6621
 54380.1597     18.9157      0.0809      4.0000      0.6677
 54386.1641     19.0176      0.0846      4.0000      2.4911
 54407.1680     18.8603      0.0772      4.0000      9.2398
 54413.0936     18.9622      0.0828      4.0000      3.9941
 54570.4748     18.8805      0.1026      4.0000      2.4011
 54583.4427     18.8439      0.0828      4.0000     22.3355
 54591.4243     18.9430      0.0859      4.0000      0.7267
 54623.3791     18.8430      0.0661      4.0000      0.0696
 54730.2101     18.9132      0.0807      4.0000      2.2017
 54736.2320     18.8506      0.0774      4.0000      1.6448
 54745.1656     18.9584      0.0798      4.0000      1.1056
 54769.1400     18.9500      0.0820      4.0000     13.8307
 54806.0645     19.2932      0.1207      4.0000      0.7720
 54822.0746     18.9500      0.0850      4.0000      0.1038
 54949.4612     18.7343      0.0784      4.0000      0.3274
 54997.4150     19.0484      0.0874      4.0000      0.1653
 55028.2546     18.8000      0.1800      1.0000      0.0000
 55034.3236     18.8391      0.1167      4.0000      8.2625
 55040.2764     18.6390      0.0747      4.0000      3.4883
 55060.2190     18.6500      0.0724      4.0000      1.0121
 55071.1469     18.8434      0.1013      4.0000      4.6460
 55092.2169     18.9585      0.0844      4.0000      1.9776
 55098.1752     18.9816      0.1066      4.0000      2.0317
 55121.1575     18.8147      0.0798      4.0000      1.8490
 55128.1378     18.9233      0.0835      4.0000      0.6192
 55144.0729     18.8392      0.0794      4.0000      5.5113
 55154.0751     18.9123      0.1030      4.0000      1.7881
 55325.4258     18.7686      0.0824      4.0000      2.1818
 55336.3946     18.9634      0.0864      4.0000      3.8023
 55352.3623     18.8709      0.0819      4.0000      2.5537
 55360.3370     18.7915      0.0809      4.0000      2.9359
 55381.2785     18.9621      0.0881      4.0000      2.1824
 55454.2442     18.9322      0.0942      3.0000      0.7535
 55478.1913     18.8622      0.0927      3.0000      6.4331
 55482.1069     18.7166      0.0896      3.0000      6.4555
 55498.0897     18.8886      0.0942      3.0000      0.5048
 55506.1213     18.8672      0.1146      3.0000      4.5237
 55517.1012     18.9762      0.1245      3.0000      0.7830
 55531.0732     19.1108      0.1382      3.0000      2.8269
 55662.4851     18.9993      0.1003      4.0000      2.0206
 55680.4665     18.9014      0.0780      4.0000      0.3311
 55694.4262     18.7815      0.0900      4.0000      4.5568
 55706.4303     19.0242      0.0916      4.0000      3.7730
 55823.1870     18.8469      0.0774      4.0000      0.6263
 55834.1382     19.0785      0.0882      4.0000      2.8070
 55850.1674     18.8055      0.1128      4.0000      2.0014
 56044.4637     18.7195      0.0769      4.0000      4.9761
 56061.4282     18.6984      0.0784      4.0000      1.9961
 56076.4106     18.8242      0.0887      4.0000      0.7332
 56091.3815     18.8343      0.0823      4.0000      7.3624
 56164.1586     18.9174      0.0870      4.0000      2.1016
 56176.2751     18.6876      0.1165      2.0000      0.5347
 56185.2536     18.8451      0.0737      4.0000      1.6205
 56192.1474     18.8354      0.0831      4.0000      3.5079
 56205.1440     18.7369      0.0804      4.0000      6.4713
 56227.1803     19.4208      0.1403      3.0000      2.2615
 56264.0746     18.8937      0.0830      4.0000      6.8388
 56424.4660     18.8109      0.0821      4.0000      2.1841
 56431.4300     18.9221      0.0871      4.0000      7.6486
 56445.4109     18.8517      0.0874      4.0000      0.6087
 56455.3319     18.9068      0.0919      4.0000      6.0483
 56463.3980     18.9469      0.0875      4.0000      7.2674
 56513.3084     18.7900      0.0819      4.0000      3.4620
 56532.2240     18.9458      0.0892      4.0000      3.7969
 56540.2399     18.7938      0.0859      4.0000      0.9325
 56549.1560     18.7428      0.0802      4.0000      7.5987
 56560.1767     18.8703      0.0813      4.0000      6.6426
