 53481.4792     17.7111      0.0561      4.0000      0.5308
 53494.4460     17.6583      0.0523      4.0000      1.9724
 53505.4322     17.6727      0.0511      4.0000      2.2430
 53524.4442     17.7200      0.0500      4.0000      0.9400
 53551.3853     17.7350      0.0550      4.0000      0.0083
 53559.3288     17.6871      0.0523      4.0000      1.1342
 53562.3518     17.7400      0.0550      4.0000      0.1983
 53567.3912     17.6591      0.0536      4.0000      1.0981
 53639.1637     17.7300      0.0550      4.0000      1.7025
 53646.1538     17.6700      0.0550      4.0000      1.0909
 53653.1457     17.6975      0.0550      4.0000      0.1715
 53669.1857     17.6566      0.0511      4.0000      1.0212
 53686.1627     17.5249      0.0486      4.0000      5.8203
 53706.0935     17.7064      0.0523      4.0000      0.3816
 53834.4919     17.5862      0.0558      4.0000      5.1286
 53848.4834     17.7159      0.0573      4.0000      1.9614
 53861.4465     17.6750      0.0550      4.0000      0.4711
 53874.4141     17.7118      0.1300      4.0000      4.2295
 53875.4445     17.6376      0.0523      4.0000      1.2036
 53881.4003     17.6700      0.0500      4.0000      0.3000
 53904.3668     17.5549      0.1207      4.0000      2.0444
 53907.3492     17.6300      0.0536      4.0000      1.8546
 53917.3766     17.6647      0.0561      4.0000      1.2762
 53940.2450     17.6535      0.0684      4.0000      0.1825
 53989.1574     17.6650      0.0500      4.0000      0.3300
 53996.1483     17.7325      0.0500      4.0000      0.3275
 54004.1527     17.6975      0.0500      4.0000      0.1875
 54030.1325     17.6750      0.0500      4.0000      1.1300
 54037.1418     17.6600      0.0500      4.0000      0.4600
 54052.0932     17.5949      0.0486      4.0000      1.6009
 54058.0835     17.7075      0.0500      4.0000      0.5275
 54070.1031     17.6243      0.0661      4.0000      0.7235
 54212.4662     17.7207      0.0523      4.0000      2.2865
 54236.4505     17.6498      0.0608      4.0000      4.2166
 54244.4325     17.6475      0.0500      4.0000      1.1275
 54265.3630     17.6595      0.0536      4.0000      2.0641
 54299.2742     17.6050      0.0707      2.0000      0.2450
 54355.1836     17.7050      0.0500      4.0000      0.6900
 54380.1597     17.6275      0.0500      4.0000      0.4275
 54386.1641     17.6775      0.0500      4.0000      1.2475
 54407.1680     17.6850      0.0500      4.0000      1.2500
 54413.0936     17.7151      0.0511      4.0000      1.6994
 54570.4748     17.6109      0.0586      4.0000      8.1965
 54583.4427     17.6477      0.0536      4.0000      2.2014
 54591.4243     17.6934      0.0511      4.0000      0.4246
 54623.3791     17.6950      0.0450      4.0000      0.9259
 54730.2101     17.7225      0.0500      4.0000      1.0875
 54736.2320     17.6950      0.0500      4.0000      0.8100
 54745.1656     17.6875      0.0500      4.0000      1.8275
 54769.1400     17.6925      0.0500      4.0000      0.3275
 54806.0645     17.6283      0.0586      4.0000      2.6880
 54822.0746     17.7671      0.0511      4.0000      1.1724
 54949.4612     17.6144      0.0511      4.0000      0.9897
 54997.4150     17.6775      0.0500      4.0000      0.7475
 55028.2546     17.5000      0.1100      1.0000      0.0000
 55034.3236     17.5381      0.0642      4.0000      1.5441
 55040.2764     17.6450      0.0500      4.0000      0.5100
 55060.2190     17.7215      0.0511      4.0000      0.5614
 55071.1469     17.7070      0.0624      4.0000      1.3090
 55092.2169     17.6150      0.0500      4.0000      0.1300
 55098.1752     17.6650      0.0600      4.0000      0.0625
 55121.1575     17.7137      0.0511      4.0000      0.3108
 55128.1378     17.6798      0.0511      4.0000      1.2482
 55144.0729     17.7100      0.0500      4.0000      0.0800
 55154.0751     17.6525      0.0600      4.0000      0.0469
 55325.4258     17.6514      0.0523      4.0000      3.5081
 55336.3946     17.6390      0.0511      4.0000      0.4839
 55352.3623     17.5925      0.0500      4.0000      0.8675
 55360.3370     17.6450      0.0500      4.0000      1.0900
 55381.2785     17.7007      0.0536      4.0000      0.3306
 55454.2442     17.6633      0.0577      3.0000      0.6067
 55478.1913     17.7194      0.0595      3.0000      1.5360
 55482.1069     17.6533      0.0577      3.0000      0.2067
 55498.0897     17.7478      0.0614      3.0000      0.1959
 55506.1213     17.6267      0.0693      3.0000      1.3935
 55517.1012     17.5651      0.0672      3.0000      3.8469
 55531.0732     17.7213      0.0730      3.0000      0.4889
 55662.4851     17.5875      0.0550      4.0000      0.3037
 55680.4665     17.6174      0.0473      4.0000      1.2251
 55694.4262     17.7054      0.0573      4.0000      1.5281
 55706.4303     17.6567      0.0523      4.0000      0.7370
 55823.1870     17.7350      0.0500      4.0000      0.6700
 55834.1382     17.6100      0.0500      4.0000      0.1000
 55850.1674     17.7287      0.0697      4.0000      1.2408
 56044.4637     17.7100      0.0550      4.0000      0.1488
 56061.4282     17.6650      0.0500      4.0000      1.1500
 56076.4106     17.6140      0.0536      4.0000      1.3341
 56091.3815     17.6412      0.0523      4.0000      2.3030
 56164.1586     17.6466      0.0511      4.0000      3.3907
 56176.2823     17.7931      0.0592      4.0000     25.7652
 56185.2536     17.6768      0.0473      4.0000      0.6597
 56192.1474     17.6380      0.0511      4.0000      0.0793
 56205.1440     17.5849      0.0511      4.0000      5.6688
 56227.1780     17.4380      0.0511      4.0000      6.5048
 56264.0746     17.6878      0.0511      4.0000      2.0547
 56424.4660     17.7275      0.0550      4.0000      1.0475
 56431.4300     17.7000      0.0550      4.0000      1.5041
 56445.4109     17.6725      0.0550      4.0000      0.9483
 56455.3319     17.7022      0.0561      4.0000      2.2391
 56463.3980     17.6942      0.0536      4.0000      1.0944
 56513.3084     17.7116      0.0536      4.0000      0.7676
 56532.2240     17.7175      0.0550      4.0000      0.4525
 56540.2399     17.6875      0.0550      4.0000      0.2045
 56549.1560     17.6995      0.0536      4.0000      1.3864
 56560.1767     17.7085      0.0511      4.0000      2.5877
