 53563.4446     16.0250      0.0350      4.0000      0.3469
 53627.2655     15.9675      0.0350      4.0000      0.1786
 53636.3184     16.0125      0.0350      4.0000      0.3010
 53650.2931     16.0333      0.0404      3.0000      0.5850
 53670.2666     16.0300      0.0700      1.0000      0.0000
 53671.2257     16.0200      0.0404      3.0000      0.1224
 53703.0771     16.0467      0.0404      3.0000      0.0136
 53727.1021     16.0367      0.0404      3.0000      0.2177
 53729.1371     16.0300      0.0350      4.0000      0.3673
 53757.0986     16.0367      0.0404      3.0000      0.0136
 53758.0958     16.0300      0.0404      3.0000      0.0408
 53766.0933     16.0367      0.0404      3.0000      0.0544
 53767.0905     16.0100      0.0404      3.0000      0.1224
 53937.4307     16.0450      0.0350      4.0000      0.1020
 53975.3823     16.0200      0.0350      4.0000      0.4490
 53990.4562     16.0350      0.0350      4.0000      0.0204
 54024.2420     16.0167      0.0404      3.0000      0.0544
 54025.2057     16.0533      0.0404      3.0000      0.2585
 54027.1952     16.0533      0.0404      3.0000      0.0136
 54028.2965     16.0167      0.0404      3.0000      0.0544
 54029.2085     16.0367      0.0404      3.0000      0.0952
 54030.2876     16.0300      0.0404      3.0000      0.0408
 54050.2143     16.0333      0.0404      3.0000      0.0952
 54052.1695     16.0533      0.0404      3.0000      0.0952
 54056.2024     16.0100      0.0404      3.0000      0.3673
 54080.2062     16.0275      0.0350      4.0000      0.3010
 54127.0992     16.0000      0.0404      3.0000      0.2857
 54264.4555     16.0600      0.0566      2.0000      0.0312
 54345.4840     15.9933      0.0404      3.0000      0.1769
 54377.3070     16.0167      0.0404      3.0000      0.0544
 54393.2019     16.0100      0.0404      3.0000      0.0408
 54404.2104     16.0200      0.0404      3.0000      0.1224
 54411.2223     16.0267      0.0404      3.0000      0.0136
 54416.1807     16.0133      0.0404      3.0000      0.0136
 54421.2726     16.0200      0.0404      3.0000      0.0408
 54439.1805     16.0267      0.0404      3.0000      0.0136
 54449.0927     16.0167      0.0404      3.0000      0.0544
 54477.0984     16.0133      0.0404      3.0000      0.0952
 54729.3926     16.0167      0.0404      3.0000      0.0952
 54738.3329     16.0367      0.0404      3.0000      0.1769
 54747.2933     16.0233      0.0404      3.0000      0.0544
 54768.3592     16.0433      0.0404      3.0000      0.4218
 54778.2592     16.0167      0.0404      3.0000      0.1769
 54789.1325     16.0433      0.0404      3.0000      0.0952
 55042.3584     16.0267      0.0404      3.0000      0.0952
 55043.4189     16.0467      0.0404      3.0000      0.0544
 55072.4077     16.0200      0.0404      3.0000      0.1633
 55073.3293     16.0296      0.0440      3.0000      0.0990
 55084.4216     16.0167      0.0404      3.0000      0.1769
 55113.2462     16.0300      0.0404      3.0000      0.1224
 55114.2089     15.9973      0.0421      3.0000      0.7000
 55157.1646     16.0533      0.0404      3.0000      0.1769
 55181.1091     16.0025      0.0350      4.0000      1.8520
 55208.0843     16.0325      0.0350      4.0000      0.0969
 55499.2040     16.0167      0.0404      3.0000      0.6667
 55506.2967     16.0200      0.0346      3.0000      0.1667
 55527.2060     16.0573      0.0421      3.0000      0.0469
 55532.1850     16.0167      0.0404      3.0000      0.0544
 55538.1133     16.0133      0.0404      3.0000      0.2177
 55559.0771     16.0250      0.0495      2.0000      0.0102
 55566.0791     16.0225      0.0300      4.0000      0.1319
 55577.1589     16.0275      0.0350      4.0000      0.2194
 55588.0949     15.9925      0.0350      4.0000      1.0765
 55822.4690     16.0400      0.0350      4.0000      0.2857
 55825.3243     16.0500      0.0300      4.0000      0.2778
 55850.3372     16.0450      0.0400      4.0000      0.1406
 55862.1751     16.0200      0.0350      4.0000      0.2041
 55881.1823     16.0475      0.0350      4.0000      0.1786
 55888.1403     16.0250      0.0350      4.0000      0.1020
 55893.1708     16.0325      0.0350      4.0000      0.1786
 55940.1289     16.0500      0.0350      4.0000      0.2857
 56164.4173     16.0150      0.0350      4.0000      0.1020
 56184.3553     16.0175      0.0350      4.0000      0.0969
 56206.3496     16.0150      0.0350      4.0000      0.3469
 56222.2067     16.0200      0.0350      4.0000      0.3673
 56234.1558     16.0225      0.0350      4.0000      0.5867
 56243.1851     16.0250      0.0300      4.0000      0.4722
 56266.0825     16.0175      0.0300      4.0000      0.0764
 56272.1664     16.0250      0.0300      4.0000      0.0833
 56296.0908     16.0125      0.0350      4.0000      0.4643
 56302.0847     16.0390      0.0361      4.0000      0.8345
 56540.3706     16.0200      0.0350      4.0000      0.2857
 56541.3481     16.0075      0.0350      4.0000      0.1378
 56560.2842     16.0025      0.0350      4.0000      0.0969
