 53563.4446     17.1375      0.0450      4.0000      0.5278
 53627.2655     17.1068      0.0461      4.0000      0.7349
 53636.3184     17.0775      0.0450      4.0000      0.5525
 53650.2931     17.1567      0.0520      3.0000      1.1440
 53670.2666     17.2000      0.0900      1.0000      0.0000
 53671.2257     17.1133      0.0520      3.0000      0.3539
 53703.0771     17.1067      0.0520      3.0000      0.7490
 53727.1021     17.1567      0.0520      3.0000      0.6008
 53729.1371     17.1550      0.0450      4.0000      0.3580
 53757.0986     17.1233      0.0520      3.0000      0.4033
 53758.0958     17.1133      0.0520      3.0000      0.0576
 53766.0933     17.1600      0.0520      3.0000      0.9630
 53767.0905     17.1600      0.0520      3.0000      0.2963
 53937.4307     17.1150      0.0450      4.0000      1.0247
 53975.3823     17.1685      0.0423      4.0000      0.3054
 53990.4562     17.1646      0.0436      4.0000      1.7987
 54024.2420     17.1633      0.0462      3.0000      0.0104
 54025.2057     17.1424      0.0479      3.0000      0.8626
 54027.1952     17.1520      0.0479      3.0000      0.7076
 54028.2965     17.1428      0.0479      3.0000      1.0118
 54029.2085     17.1942      0.0498      3.0000      0.1759
 54030.2876     17.1812      0.0498      3.0000      0.2545
 54050.2143     17.1950      0.0498      3.0000      0.4707
 54052.1695     17.1700      0.0462      3.0000      0.0312
 54056.2024     17.1608      0.0479      3.0000      0.2070
 54080.2062     17.1482      0.0423      4.0000      0.1214
 54127.0992     17.1167      0.0520      3.0000      0.7490
 54264.4555     17.0550      0.0778      2.0000      0.3347
 54345.4840     17.0504      0.0479      3.0000      0.0283
 54377.3070     17.1352      0.0479      3.0000      0.5712
 54393.2019     17.1331      0.0498      3.0000      1.5138
 54404.2104     17.1128      0.0479      3.0000      1.6368
 54411.2223     17.1800      0.0520      3.0000      0.0988
 54416.1807     17.1100      0.0462      3.0000      0.2813
 54421.2726     17.1315      0.0498      3.0000      0.3784
 54439.1805     17.1550      0.0498      3.0000      0.4707
 54449.0927     17.1644      0.0479      3.0000      0.1770
 54477.0984     17.1440      0.0479      3.0000      0.0647
 54729.3926     17.1181      0.0498      3.0000      0.3034
 54738.3329     17.0533      0.0462      3.0000      5.5417
 54747.2933     17.1533      0.0462      3.0000      0.5417
 54768.3592     17.0980      0.0479      3.0000      0.2589
 54778.2592     17.1000      0.0462      3.0000      0.8750
 54789.1325     17.1516      0.0479      3.0000      0.3278
 55042.3584     17.1367      0.0577      3.0000      0.3267
 55043.4189     17.1667      0.0577      3.0000      0.2867
 55072.4077     17.2100      0.0577      3.0000      0.3800
 55073.3293     17.1534      0.0614      3.0000      0.0388
 55084.4216     17.1233      0.0577      3.0000      0.3467
 55113.2462     17.1467      0.0520      3.0000      0.3045
 55114.2089     17.1342      0.0595      3.0000      2.3106
 55157.1646     17.1800      0.0520      3.0000      0.3210
 55181.1091     17.0906      0.0432      4.0000      5.7171
 55208.0843     17.1725      0.0450      4.0000      1.7870
 55499.2040     17.1600      0.0520      3.0000      0.5185
 55506.2967     17.1400      0.0462      3.0000      0.4062
 55527.2060     17.1652      0.0595      3.0000      0.4355
 55532.1850     17.1333      0.0520      3.0000      0.1564
 55538.1133     17.1233      0.0520      3.0000      0.3539
 55559.0771     17.1900      0.0636      2.0000      0.0247
 55566.0791     17.1200      0.0400      4.0000      1.3437
 55577.1589     17.1050      0.0500      4.0000      1.5700
 55588.0949     17.1175      0.0500      4.0000      0.2275
 55822.4690     17.1285      0.0423      4.0000      3.4939
 55825.3243     17.1825      0.0400      4.0000      0.3242
 55850.3372     17.1150      0.0550      4.0000      0.5372
 55862.1751     17.1494      0.0436      4.0000      0.9346
 55881.1823     17.2100      0.0450      4.0000      0.6173
 55888.1403     17.1541      0.0423      4.0000      3.0419
 55893.1708     17.1500      0.0450      4.0000      0.3210
 55940.1289     17.1625      0.0450      4.0000      0.4043
 56164.4173     17.1575      0.0450      4.0000      0.2068
 56184.3553     17.1625      0.0450      4.0000      0.9228
 56206.3496     17.1500      0.0450      4.0000      0.3704
 56222.2067     17.1225      0.0450      4.0000      0.3056
 56234.1558     17.1450      0.0450      4.0000      1.2222
 56243.1851     17.1300      0.0400      4.0000      0.1562
 56266.0825     17.1600      0.0400      4.0000      0.9687
 56272.1664     17.1525      0.0400      4.0000      0.6055
 56296.0908     17.1374      0.0436      4.0000      1.5993
 56302.0847     17.1925      0.0496      4.0000      2.0776
 56540.3706     17.1725      0.0450      4.0000      0.1327
 56541.3481     17.1600      0.0450      4.0000      1.2593
 56560.2842     17.1425      0.0450      4.0000      0.7500
