 53563.4419     19.8343      0.1343      4.0000      5.6478
 53636.3235     20.3927      0.2634      2.0000      0.1948
 53650.2924     19.9620      0.2065      2.0000      1.4687
 53655.2919     20.5100      0.4000      1.0000      0.0000
 53670.2682     20.6000      0.4000      1.0000      0.0000
 53703.0815     20.1738      0.2220      2.0000      0.1314
 53710.1085     19.8582      0.1720      2.0000      4.2385
 53757.1039     20.8200      0.4500      1.0000      0.0000
 53766.0927     19.8827      0.1569      3.0000      0.4254
 53767.0829     19.9000      0.2800      1.0000      0.0000
 53996.2753     20.3715      0.2120      2.0000      5.4082
 54008.2665     19.7053      0.1128      4.0000      4.6243
 54024.2412     19.8855      0.1267      4.0000      0.9110
 54030.2903     19.9176      0.1794      2.0000      0.5343
 54081.1964     19.9941      0.1518      3.0000      3.4906
 54345.4791     19.7500      0.2500      1.0000      0.0000
 54351.4132     20.2100      0.3200      1.0000      0.0000
 54355.2716     20.4635      0.1710      3.0000     20.5234
 54377.3033     19.7867      0.1402      3.0000      0.4130
 54385.2058     19.8418      0.1414      3.0000      0.7182
 54392.2578     20.3884      0.1802      3.0000      3.5633
 54404.2515     19.7801      0.1345      3.0000      7.5361
 54411.2128     19.9604      0.1894      2.0000      0.5616
 54421.2720     20.2752      0.1498      3.0000     23.7051
 54466.1333     19.8000      0.2400      1.0000      0.0000
 54477.1012     20.2300      0.2192      2.0000      0.0000
 54715.3203     19.7800      0.1627      2.0000      5.5580
 54729.3987     19.6700      0.2300      1.0000      0.0000
 54738.3288     19.9592      0.1254      4.0000      7.0157
 54747.2939     20.3717      0.1439      4.0000     10.8432
 54778.2613     19.0782      0.1177      2.0000      4.4400
 55043.4183     19.5211      0.1944      2.0000      0.0955
 55113.2621     20.0700      0.2900      1.0000      0.0000
 55153.1486     20.0713      0.1507      3.0000     13.9578
 55181.1177     19.3700      0.2000      1.0000      0.0000
 55456.3147     19.9686      0.2089      2.0000      4.5347
 55497.2450     19.4900      0.2200      1.0000      0.0000
 55506.3096     19.5500      0.1800      1.0000      0.0000
 55514.2289     20.2150      0.2263      2.0000      0.0005
 55530.1635     20.4661      0.2534      2.0000      0.1914
 55577.1244     20.3400      0.4300      1.0000      0.0000
 55588.0967     19.7531      0.2210      2.0000      1.1163
 55822.4796     20.0300      0.2800      1.0000      0.0000
 55825.3318     19.6664      0.1377      2.0000      0.1599
 55849.3228     19.6500      0.2300      1.0000      0.0000
 55862.1773     19.7555      0.1203      4.0000      1.3465
 55881.1786     19.8016      0.1347      3.0000      7.2606
 55893.1702     19.8307      0.1226      4.0000      4.4278
 56184.3558     19.8618      0.1323      4.0000      1.7467
 56191.3369     19.8310      0.1308      4.0000      1.7964
 56206.3468     19.3351      0.1160      3.0000      1.8231
 56222.2019     19.7860      0.1339      3.0000     12.3017
 56235.1975     20.0667      0.1373      3.0000     26.3450
 56274.1170     20.1529      0.1487      3.0000      1.0876
 56296.1015     19.0500      0.1800      1.0000      0.0000
 56540.3116     20.2803      0.2534      2.0000      0.1427
 56541.3498     19.7925      0.1787      2.0000      8.2202
 56550.3254     19.7000      0.2500      1.0000      0.0000
 56560.2870     19.6509      0.1147      4.0000      1.8441
