 53481.4792     17.8785      0.0597      4.0000      6.1507
 53494.4460     17.8125      0.0550      4.0000      1.1632
 53505.4322     17.8749      0.0561      4.0000      1.4160
 53524.4442     17.8307      0.0536      4.0000      4.4358
 53551.3853     17.8853      0.0561      4.0000      2.0516
 53559.3288     17.8150      0.0550      4.0000      1.2149
 53562.3518     17.8671      0.0561      4.0000      1.2512
 53567.3912     17.7763      0.0573      4.0000      6.8283
 53639.1637     17.9315      0.0586      4.0000      4.6187
 53646.1538     17.9272      0.0586      4.0000      2.4379
 53653.1457     17.9045      0.0586      4.0000      1.3602
 53669.1857     17.8900      0.0550      4.0000      0.0000
 53686.1627     17.8800      0.0550      4.0000      1.2066
 53706.0935     17.9548      0.0571      4.0000     10.6640
 53834.4919     17.8798      0.0617      4.0000      5.0804
 53848.4834     17.8741      0.0611      4.0000      0.5161
 53861.4465     17.8587      0.0573      4.0000      2.8672
 53874.4141     17.7720      0.1354      4.0000      3.6960
 53875.4445     17.8535      0.0571      4.0000      9.4838
 53881.4003     17.8435      0.0536      4.0000      4.1980
 53904.3668     18.0524      0.1533      4.0000      4.7007
 53907.3492     17.8615      0.0573      4.0000      3.0175
 53917.3766     17.8938      0.0624      4.0000      2.5368
 53940.2450     17.9121      0.0764      4.0000      5.0064
 53989.1574     17.8495      0.0536      4.0000      1.1550
 53996.1483     17.8483      0.0523      4.0000      2.6593
 54004.1527     17.9150      0.0550      4.0000      0.9008
 54030.1325     17.9475      0.0550      4.0000      1.2955
 54037.1418     17.7780      0.0511      4.0000      2.1556
 54052.0932     17.8515      0.0511      4.0000      3.5976
 54058.0835     17.8460      0.0523      4.0000      2.6659
 54070.1031     18.0084      0.0771      4.0000      4.4739
 54212.4662     17.8725      0.0550      4.0000      1.3450
 54236.4505     18.0178      0.0649      4.0000     10.8766
 54244.4325     17.8900      0.0561      4.0000      3.0221
 54265.3630     17.9285      0.0586      4.0000      0.3838
 54299.2742     17.9700      0.0849      2.0000      0.0139
 54355.1836     17.8476      0.0523      4.0000      9.5234
 54380.1597     17.8624      0.0523      4.0000      1.0097
 54386.1641     17.8619      0.0523      4.0000      3.8009
 54407.1680     18.0173      0.0561      4.0000      6.7227
 54413.0936     17.9325      0.0550      4.0000      0.7996
 54570.4748     17.8619      0.0661      4.0000      1.2360
 54583.4427     17.8972      0.0583      4.0000      8.8318
 54591.4243     17.8600      0.0561      4.0000      2.7742
 54623.3791     17.8578      0.0461      4.0000      4.7592
 54730.2101     17.9750      0.0550      4.0000      2.0579
 54736.2320     17.9550      0.0550      4.0000      0.4380
 54745.1656     17.8683      0.0511      4.0000      0.1303
 54769.1400     17.8115      0.0511      4.0000      0.4414
 54806.0645     17.8492      0.0620      4.0000     13.5964
 54822.0746     17.8210      0.0523      4.0000      6.6855
 54949.4612     17.8480      0.0561      4.0000      0.5619
 54997.4150     17.8444      0.0536      4.0000      4.6790
 55028.2546     17.8300      0.1200      1.0000      0.0000
 55034.3236     17.8623      0.0751      4.0000      0.8407
 55040.2764     17.8655      0.0547      4.0000      7.1673
 55060.2190     17.8850      0.0550      4.0000      1.8926
 55071.1469     17.8975      0.0661      4.0000      1.7224
 55092.2169     17.8900      0.0550      4.0000      0.2149
 55098.1752     17.8966      0.0661      4.0000      1.1806
 55121.1575     17.9152      0.0547      4.0000      8.9030
 55128.1378     17.9380      0.0561      4.0000      2.2440
 55144.0729     17.7398      0.0523      4.0000      4.8739
 55154.0751     17.9364      0.0661      4.0000      3.4927
 55325.4258     17.9788      0.0597      4.0000      2.1843
 55336.3946     17.8524      0.0561      4.0000      2.5270
 55352.3623     17.9418      0.0561      4.0000      0.6641
 55360.3370     17.7600      0.0533      4.0000      9.7775
 55381.2785     17.8264      0.0547      4.0000      3.5252
 55454.2442     17.9947      0.0653      3.0000      0.8384
 55478.1913     17.8778      0.0614      3.0000      3.2657
 55482.1069     17.8767      0.0635      3.0000      0.9972
 55498.0897     17.9238      0.0653      3.0000      2.0910
 55506.1213     17.9067      0.0751      3.0000      0.3116
 55517.1012     17.8067      0.0751      3.0000      0.5247
 55531.0732     17.6974      0.0730      3.0000      7.8284
 55662.4851     17.8637      0.0611      4.0000      0.3341
 55680.4665     17.8279      0.0523      4.0000     17.7659
 55694.4262     17.8108      0.0597      4.0000      2.8814
 55706.4303     17.9065      0.0573      4.0000      3.7163
 55823.1870     17.7927      0.0511      4.0000      2.4030
 55834.1382     17.9362      0.0561      4.0000      2.8137
 55850.1674     17.9682      0.0759      4.0000      4.6284
 56044.4637     17.9335      0.0573      4.0000      2.9074
 56061.4282     17.8980      0.0558      4.0000      8.5773
 56076.4106     17.8860      0.0586      4.0000      3.5110
 56091.3815     17.8391      0.0561      4.0000      0.1784
 56164.1586     17.8946      0.0573      4.0000      4.1148
 56176.2823     17.7975      0.0600      4.0000      7.6997
 56185.2536     17.8980      0.0511      4.0000      2.9556
 56192.1474     17.8871      0.0561      4.0000      1.9620
 56205.1440     17.7668      0.0547      4.0000      4.6795
 56227.1780     17.7817      0.0573      4.0000      3.2378
 56264.0746     17.9284      0.0561      4.0000      0.6779
 56424.4660     17.9575      0.0600      4.0000      0.0330
 56431.4300     17.8830      0.0573      4.0000      3.0624
 56445.4109     17.9475      0.0600      4.0000      1.3108
 56455.3319     17.9471      0.0611      4.0000      1.4273
 56463.3980     17.8275      0.0550      4.0000      0.6178
 56513.3084     17.8100      0.0550      4.0000      2.4298
 56532.2240     17.9678      0.0611      4.0000      1.6766
 56540.2399     17.8574      0.0586      4.0000      1.6074
 56549.1560     17.9191      0.0561      4.0000      0.5192
 56560.1767     17.8375      0.0550      4.0000      0.7665
