 53494.4541     20.0300      0.3000      1.0000      0.0000
 53530.4119     20.6066      0.2826      2.0000      0.0531
 53567.3982     20.6800      0.4600      1.0000      0.0000
 53706.0669     20.5700      0.4000      1.0000      0.0000
 54001.1578     20.9600      0.4700      1.0000      0.0000
 54070.0961     19.8600      0.3900      1.0000      0.0000
 54236.4484     20.8300      0.4900      1.0000      0.0000
 54259.3997     20.4800      0.3800      1.0000      0.0000
 54354.1936     20.1200      0.3100      1.0000      0.0000
 54380.1317     20.7500      0.4200      1.0000      0.0000
 54386.1744     19.6700      0.2300      1.0000      0.0000
 54407.1649     20.6300      0.4000      1.0000      0.0000
 54591.4180     19.8200      0.2700      1.0000      0.0000
 54601.4395     20.2900      0.3400      1.0000      0.0000
 54624.3697     19.8900      0.2300      1.0000      0.0000
 54788.0816     20.4267      0.2096      2.0000      8.9817
 54978.4019     20.0203      0.2078      2.0000      0.2586
 54997.4108     20.7100      0.4200      1.0000      0.0000
 55058.2858     18.8200      0.1400      1.0000      0.0000
 55128.1296     20.4100      0.3600      1.0000      0.0000
 55141.0923     20.8700      0.4600      1.0000      0.0000
 55154.0818     20.5200      0.4900      1.0000      0.0000
 55352.3944     20.2000      0.3200      1.0000      0.0000
 55454.2312     19.8700      0.2600      1.0000      0.0000
 55528.1059     20.5200      0.5000      1.0000      0.0000
 55850.1556     19.4800      0.3300      1.0000      0.0000
 56061.4233     20.1900      0.3200      1.0000      0.0000
 56076.4006     20.2300      0.3700      1.0000      0.0000
 56164.1503     19.5400      0.2400      1.0000      0.0000
 56185.2543     20.4020      0.1535      4.0000      1.2967
 56192.1791     19.7500      0.2600      1.0000      0.0000
 56204.1024     20.9100      0.4900      1.0000      0.0000
 56264.0646     18.6100      0.1500      1.0000      0.0000
 56424.4685     20.5000      0.4000      1.0000      0.0000
 56444.4281     18.5000      0.1500      1.0000      0.0000
 56455.3392     20.7600      0.5000      1.0000      0.0000
 56513.3090     20.8158      0.3265      2.0000      0.5186
 56532.1991     20.5100      0.4200      1.0000      0.0000
 56564.1085     20.2625      0.1976      2.0000      0.1263
