 53481.4792     19.2592      0.1078      4.0000      7.1934
 53494.4460     19.0873      0.0886      4.0000     13.1321
 53505.4322     19.2924      0.1024      4.0000      2.7381
 53524.4442     19.1831      0.0929      4.0000      2.0259
 53551.3853     19.1621      0.0972      4.0000      1.2933
 53559.3288     19.2402      0.0998      4.0000      0.6947
 53562.3518     19.2257      0.0973      4.0000      3.0161
 53567.3912     19.3194      0.1087      4.0000      2.9801
 53639.1637     19.2099      0.0998      4.0000      0.4851
 53646.1538     19.4857      0.1161      4.0000      2.0405
 53653.1495     19.2353      0.1182      3.0000      2.3604
 53669.1857     19.2910      0.0992      4.0000      9.4731
 53686.1638     19.2543      0.1173      3.0000      0.1745
 53706.0935     19.0574      0.0903      4.0000      4.1581
 53834.4919     19.1313      0.1007      4.0000     12.7419
 53848.4834     19.0937      0.1509      2.0000      0.7026
 53861.4465     19.1246      0.0956      4.0000      5.0642
 53875.4445     19.5586      0.1217      4.0000      1.1221
 53881.4003     19.1586      0.0910      4.0000      0.9670
 53907.3492     19.3014      0.1091      4.0000      1.3128
 53917.3766     19.1769      0.1054      4.0000      1.7970
 53940.2396     19.6367      0.2057      2.0000     10.0300
 53989.1574     19.5005      0.1016      4.0000      7.5323
 53996.1483     19.2792      0.0944      4.0000      1.1367
 54004.1527     19.2800      0.0935      4.0000      1.5690
 54030.1325     19.0656      0.0846      4.0000      1.3615
 54037.1418     19.2752      0.0931      4.0000      2.3153
 54052.0932     19.0785      0.0836      4.0000      7.3979
 54058.0835     19.1724      0.0898      4.0000      2.0279
 54070.1096     19.7600      0.3700      1.0000      0.0000
 54212.4662     19.1854      0.0972      4.0000      1.8999
 54236.4505     19.1131      0.1211      4.0000      3.1433
 54244.4325     19.3243      0.1002      4.0000      5.1192
 54265.3630     19.1685      0.0988      4.0000      1.9948
 54299.2742     19.3647      0.1490      2.0000      3.1261
 54355.1836     19.2838      0.0974      4.0000      0.3726
 54380.1597     19.2384      0.0929      4.0000      2.1266
 54386.1641     19.2300      0.0917      4.0000      7.9280
 54407.1680     19.2552      0.0956      4.0000      1.4127
 54413.0936     19.3396      0.0973      4.0000      4.8037
 54570.4748     19.7432      0.1362      4.0000     21.6260
 54583.4420     19.6395      0.1464      3.0000      2.5504
 54591.4243     19.1516      0.0932      4.0000      1.6635
 54623.3791     19.2171      0.0781      4.0000      3.6361
 54730.2101     19.3947      0.0955      4.0000     13.1337
 54736.2320     19.1457      0.0898      4.0000      0.8492
 54745.1687     19.5117      0.1159      3.0000     11.7842
 54769.1400     19.1868      0.0912      4.0000      6.9536
 54806.0667     19.5670      0.1589      3.0000      0.4910
 54822.0746     19.1703      0.0929      4.0000      4.1846
 54949.4612     19.1832      0.0951      4.0000      6.9458
 54997.4150     19.2791      0.0981      4.0000      2.2727
 55028.2546     19.2700      0.2300      1.0000      0.0000
 55034.3217     19.4293      0.1587      3.0000      6.4378
 55040.2764     19.1625      0.0950      4.0000      0.1572
 55060.2190     19.3406      0.1020      4.0000      1.0338
 55071.1477     19.8357      0.1714      3.0000     11.2868
 55092.2169     19.1232      0.0935      4.0000      0.6126
 55098.1752     19.0779      0.1101      4.0000      5.8456
 55121.1575     19.4158      0.1014      4.0000      8.4297
 55128.1378     19.2284      0.0956      4.0000      1.7647
 55144.0729     19.1820      0.0948      4.0000      0.3961
 55154.0751     19.2275      0.1189      4.0000      5.2071
 55325.4258     19.2929      0.1060      4.0000      6.1725
 55336.3946     19.0984      0.0915      4.0000      5.6099
 55352.3623     19.0589      0.0892      4.0000      2.9750
 55360.3370     19.1899      0.0964      4.0000      5.3801
 55381.2785     19.2092      0.0987      4.0000      0.6895
 55454.2442     19.3950      0.1186      3.0000      1.5332
 55478.1913     19.2876      0.1132      3.0000      0.6151
 55482.1069     19.2320      0.1116      3.0000      4.0697
 55498.0897     19.2005      0.1087      3.0000      1.9789
 55506.1213     19.1277      0.1336      3.0000      1.4298
 55517.1012     19.3194      0.1485      3.0000      1.2119
 55531.0732     19.1804      0.1434      3.0000      1.2579
 55662.4851     19.1244      0.1051      4.0000      6.4569
 55680.4665     19.0218      0.0824      4.0000      1.5270
 55694.4262     19.3029      0.1149      4.0000      3.2516
 55706.4303     19.3222      0.0958      4.0000     31.9256
 55823.1870     19.4255      0.1004      4.0000      6.3357
 55834.1382     19.2990      0.0951      4.0000      8.4578
 55850.1632     19.2626      0.1666      3.0000      0.4231
 56044.4637     19.1920      0.0976      4.0000      3.9209
 56061.4282     18.9859      0.0825      4.0000     15.2349
 56076.4106     19.4068      0.1116      4.0000      5.8268
 56091.3815     19.3806      0.1070      4.0000      2.4628
 56164.1586     19.1205      0.0951      4.0000      3.0949
 56176.2823     18.9345      0.0897      4.0000     29.7392
 56185.2536     19.2441      0.0859      4.0000      1.2037
 56192.1474     19.1871      0.0962      4.0000      8.7327
 56205.1440     19.0436      0.0871      4.0000     32.4237
 56227.1781     19.0663      0.1448      2.0000      0.1446
 56264.0746     19.1697      0.0944      4.0000      2.4167
 56424.4660     19.1884      0.0982      4.0000      1.6148
 56431.4300     19.1201      0.0970      4.0000      2.0378
 56445.4109     19.1018      0.0974      4.0000      0.5453
 56455.3319     19.3449      0.1136      4.0000      1.7833
 56463.3980     19.1526      0.0958      4.0000      1.9465
 56513.3084     19.2225      0.1001      4.0000      3.1018
 56532.2240     18.9414      0.0912      4.0000      0.3892
 56540.2399     19.1015      0.0972      4.0000      1.0165
 56549.1560     19.4418      0.1075      4.0000      7.8103
 56560.1767     19.1595      0.0924      4.0000      0.6250
