 53481.4797     16.2738      0.0361      4.0000      1.5866
 53494.4476     16.2800      0.0350      4.0000      1.3469
 53505.4332     16.2750      0.0350      4.0000      4.6735
 53524.4475     16.2900      0.0404      3.0000      0.0408
 53530.4119     16.3525      0.0350      4.0000      4.3827
 53551.3815     16.3075      0.0350      4.0000      5.4847
 53562.3470     16.2875      0.0350      4.0000      0.5459
 53567.3896     16.2675      0.0350      4.0000      2.0153
 53637.1879     16.2475      0.0350      4.0000      0.7908
 53644.1744     16.3150      0.0350      4.0000      1.0408
 53653.1452     16.2300      0.0350      4.0000      0.3673
 53670.1275     16.2625      0.0350      4.0000      2.9133
 53686.1429     16.2675      0.0350      4.0000      4.4643
 53696.0645     16.2725      0.0350      4.0000      2.7092
 53706.0750     16.2575      0.0350      4.0000      4.2194
 53712.0790     16.2775      0.0400      4.0000      5.9805
 53848.4829     16.2650      0.0400      4.0000      0.2656
 53875.4440     16.2050      0.0350      4.0000      2.5510
 53881.4021     16.3400      0.0350      4.0000      3.3878
 53887.3635     16.2969      0.0361      4.0000      1.9293
 53903.3660     16.3011      0.0686      4.0000      0.4388
 53917.3330     16.3555      0.0386      4.0000      2.5159
 53937.3098     16.3000      0.0350      4.0000      2.5714
 53989.1568     16.3150      0.0350      4.0000      1.8163
 53996.1477     16.3100      0.0350      4.0000      1.5102
 54001.1674     16.3275      0.0350      4.0000      2.0153
 54030.1351     16.3150      0.0350      4.0000      2.6327
 54037.1413     16.2825      0.0350      4.0000      0.3418
 54055.0897     16.3500      0.0350      4.0000      0.1224
 54059.0589     16.3850      0.0495      2.0000      0.2551
 54060.0619     16.3475      0.0350      4.0000      1.5255
 54070.1027     16.2850      0.0400      4.0000      1.0156
 54081.0831     16.2750      0.0350      4.0000      1.2041
 54208.4877     16.3200      0.0400      4.0000      3.2188
 54236.4532     16.2841      0.0391      4.0000      2.1241
 54244.4117     16.3525      0.0350      4.0000      1.6480
 54259.3965     16.3650      0.0350      4.0000      0.0612
 54266.3488     16.3525      0.0350      4.0000      0.0969
 54277.3727     16.3450      0.0350      4.0000      0.2653
 54299.3407     16.3339      0.0440      3.0000      2.5228
 54354.2032     16.2950      0.0350      4.0000      0.8776
 54380.1346     16.2975      0.0350      4.0000      1.6480
 54386.1630     16.2500      0.0350      4.0000      1.1020
 54407.1685     16.2950      0.0350      4.0000      0.8367
 54413.0909     16.3100      0.0350      4.0000      2.4898
 54591.4238     16.3300      0.0350      4.0000      2.0000
 54601.4308     16.3150      0.0350      4.0000      2.3878
 54624.3664     16.3075      0.0350      4.0000      0.3010
 54730.2128     16.2550      0.0350      4.0000      1.1633
 54740.1480     16.2880      0.0269      7.0000      4.0361
 54767.1138     16.3220      0.0313      5.0000      1.3633
 54788.0756     16.3475      0.0350      4.0000      1.0357
 54806.0660     16.2845      0.0386      4.0000      6.6680
 54822.0728     16.3150      0.0350      4.0000      2.5102
 54952.4473     16.3325      0.0350      4.0000      3.9745
 54978.4018     16.3250      0.0350      4.0000      0.0612
 54997.4138     16.2975      0.0350      4.0000      2.3418
 55040.2758     16.3475      0.0350      4.0000      1.4031
 55058.2750     16.3400      0.0350      4.0000      0.2041
 55071.1712     16.7179      0.0439      4.0000    122.6596
 55092.2157     16.3275      0.0350      4.0000      2.6276
 55098.1747     16.3050      0.0400      4.0000      2.3906
 55128.1342     16.3425      0.0350      4.0000      2.5867
 55141.1022     16.4020      0.0369      4.0000      2.5514
 55154.0731     16.3575      0.0400      4.0000      1.0430
 55326.4347     16.3125      0.0350      4.0000      2.1378
 55334.4239     16.3513      0.0373      4.0000      3.1588
 55340.3969     16.3550      0.0350      4.0000      1.8163
 55352.3905     16.3150      0.0350      4.0000      2.3878
 55360.3347     16.3500      0.0350      4.0000      1.3469
 55381.2774     16.2825      0.0350      4.0000      0.6684
 55454.2436     16.3133      0.0404      3.0000      1.0748
 55478.1590     16.2667      0.0404      3.0000      0.2585
 55482.1064     16.3233      0.0404      3.0000      0.5850
 55506.1226     16.3367      0.0462      3.0000      1.7917
 55517.1007     16.3033      0.0462      3.0000      4.7604
 55528.1041     16.3200      0.0462      3.0000      1.5000
 55679.4653     16.3375      0.0350      4.0000      1.4847
 55694.4268     16.3050      0.0400      4.0000      0.6719
 55706.4309     16.3475      0.0350      4.0000      4.7092
 55715.4107     16.2600      0.0350      4.0000      3.3061
 55823.1853     16.2725      0.0350      4.0000      2.6276
 55834.1365     16.3200      0.0350      4.0000      0.7347
 55850.1678     16.3563      0.0436      4.0000      0.9229
 56061.4276     16.3450      0.0350      4.0000      3.0408
 56076.4126     16.3610      0.0361      4.0000      0.2465
 56091.3798     16.2600      0.0361      4.0000      4.8992
 56164.1580     16.3650      0.0350      4.0000      0.5918
 56185.2543     16.3250      0.0350      4.0000      0.6735
 56192.1714     16.3250      0.0350      4.0000      0.5510
 56204.1061     16.3175      0.0350      4.0000      0.4235
 56227.1766     16.3050      0.0400      4.0000      0.4531
 56239.0837     16.3294      0.0436      4.0000      1.2309
 56253.1123     16.2900      0.0350      4.0000      4.3265
 56264.0740     16.2600      0.0350      4.0000      1.2653
 56424.4666     16.2750      0.0350      4.0000      2.3878
 56431.4294     16.2925      0.0350      4.0000      1.2398
 56444.4324     16.3275      0.0350      4.0000      1.6888
 56455.3324     16.2100      0.0350      4.0000      1.3878
 56463.3963     16.3425      0.0350      4.0000      0.3010
 56513.3090     16.3050      0.0350      4.0000      3.2857
 56532.2025     16.3225      0.0350      4.0000      1.2398
 56540.2388     16.2675      0.0350      4.0000      2.0969
 56549.2224     16.3525      0.0350      4.0000      0.0153
 56558.2018     16.3100      0.0350      4.0000      0.1633
 56564.1055     16.3025      0.0350      4.0000      1.8112
