 53481.4792     18.3851      0.0720      4.0000     26.0185
 53494.4460     18.3119      0.0670      4.0000      9.1903
 53505.4322     18.4111      0.0686      4.0000      0.6735
 53524.4442     18.3468      0.0661      4.0000      0.9418
 53551.3853     18.4849      0.0709      4.0000      4.0388
 53559.3288     18.3548      0.0674      4.0000      1.4994
 53562.3518     18.3831      0.0674      4.0000      2.0862
 53567.3912     18.2094      0.0647      4.0000      5.3126
 53639.1637     18.2843      0.0656      4.0000      7.2564
 53646.1538     18.2830      0.0670      4.0000      7.1993
 53653.1457     18.2742      0.0684      4.0000      4.7724
 53669.1857     18.4498      0.0686      4.0000      1.5607
 53686.1627     18.4809      0.0707      4.0000      4.1432
 53706.0935     18.3922      0.0674      4.0000      0.8564
 53834.4897     18.2818      0.0862      3.0000      1.4966
 53848.4800     18.4549      0.0903      3.0000      0.3768
 53861.4465     18.4524      0.0724      4.0000      1.3885
 53874.4141     18.3749      0.1709      4.0000     10.8281
 53875.4445     18.4447      0.0727      4.0000      9.0309
 53881.4003     18.3825      0.0650      4.0000      0.1583
 53904.3669     18.8260      0.2800      3.0000      0.2525
 53907.3492     18.3534      0.0691      4.0000     11.8603
 53917.3766     18.3419      0.0737      4.0000      0.8562
 53940.2450     18.6633      0.0931      4.0000     55.8325
 53989.1574     18.4980      0.0674      4.0000      2.2108
 53996.1483     18.3986      0.0636      4.0000      3.1674
 54004.1527     18.3769      0.0636      4.0000      1.3931
 54030.1325     18.2038      0.0579      4.0000     30.4630
 54037.1418     18.4288      0.0647      4.0000      3.3007
 54052.0932     18.3718      0.0636      4.0000      2.0044
 54058.0835     18.3875      0.0650      4.0000      0.6908
 54070.1031     18.6010      0.0932      4.0000     16.5100
 54212.4662     18.4714      0.0712      4.0000      0.9496
 54236.4505     18.2258      0.0735      4.0000     15.1926
 54244.4325     18.4525      0.0700      4.0000      0.2181
 54265.3630     18.4433      0.0724      4.0000      0.1097
 54299.2742     18.3019      0.0953      2.0000      0.2774
 54355.1836     18.3127      0.0636      4.0000      2.5425
 54380.1597     18.3761      0.0636      4.0000      3.2271
 54386.1641     18.3771      0.0647      4.0000      1.9800
 54407.1680     18.3192      0.0636      4.0000      0.7851
 54413.0936     18.3567      0.0636      4.0000      1.4684
 54570.4748     18.4060      0.0832      4.0000      4.5875
 54583.4427     18.6277      0.0782      4.0000     11.8868
 54591.4243     18.4375      0.0700      4.0000      0.3202
 54623.3791     18.3950      0.0550      4.0000      0.7025
 54730.2101     18.4381      0.0658      4.0000      2.6397
 54736.2320     18.4775      0.0650      4.0000      0.0399
 54745.1656     18.4658      0.0658      4.0000      2.2538
 54769.1400     18.4720      0.0681      4.0000     11.5244
 54806.0645     18.3546      0.0759      4.0000      3.2067
 54822.0746     18.2771      0.0647      4.0000      4.1612
 54949.4612     18.4044      0.0684      4.0000      2.9575
 54997.4150     18.3781      0.0661      4.0000      1.9721
 55028.2546     18.4100      0.1500      1.0000      0.0000
 55034.3236     18.5866      0.0855      4.0000     37.0578
 55040.2764     18.3972      0.0674      4.0000      1.0794
 55060.2190     18.3131      0.0634      4.0000      3.7695
 55071.1469     18.4095      0.0819      4.0000      3.0432
 55092.2169     18.4028      0.0674      4.0000      1.9548
 55098.1752     18.2372      0.0751      4.0000     11.1631
 55121.1575     18.4324      0.0686      4.0000      1.5623
 55128.1378     18.4055      0.0661      4.0000      2.0131
 55144.0729     18.4613      0.0674      4.0000      2.3444
 55154.0751     18.4785      0.0832      4.0000      3.1404
 55325.4258     18.5020      0.0737      4.0000      1.2707
 55336.3946     18.2970      0.0656      4.0000      4.5822
 55352.3623     18.2473      0.0636      4.0000      1.6868
 55360.3370     18.4271      0.0686      4.0000      1.1075
 55381.2785     18.3353      0.0658      4.0000      4.1458
 55454.2442     18.2347      0.0688      3.0000      6.2067
 55478.1913     18.3863      0.0768      3.0000      1.3438
 55482.1069     18.3890      0.0768      3.0000      1.0025
 55498.0897     18.3905      0.0788      3.0000      2.1135
 55506.1213     18.3924      0.0961      3.0000      0.8425
 55517.1012     18.2757      0.0890      3.0000      6.7955
 55531.0732     18.4527      0.0996      3.0000      0.4576
 55662.4851     18.3463      0.0734      4.0000      4.9568
 55680.4665     18.5641      0.0656      4.0000      9.8759
 55694.4262     18.2897      0.0727      4.0000     10.2646
 55706.4303     18.3709      0.0684      4.0000      4.2492
 55823.1870     18.3214      0.0624      4.0000      2.5928
 55834.1382     18.4380      0.0678      4.0000     14.8072
 55850.1674     18.1180      0.0813      4.0000      6.3649
 56044.4637     18.2527      0.0636      4.0000      1.9507
 56061.4282     18.2875      0.0650      4.0000      0.0163
 56076.4106     18.3838      0.0721      4.0000      2.4161
 56091.3815     18.3026      0.0649      4.0000     12.6904
 56164.1586     18.2800      0.0658      4.0000      3.7947
 56176.2823     18.7091      0.0829      4.0000     46.1959
 56185.2536     18.3498      0.0597      4.0000      5.6207
 56192.1474     18.2685      0.0658      4.0000      4.6769
 56205.1440     18.3654      0.0668      4.0000      5.6560
 56227.1780     18.2400      0.0700      4.0000     21.0840
 56264.0746     18.3346      0.0647      4.0000      1.8758
 56424.4660     18.3196      0.0674      4.0000      1.0525
 56431.4300     18.4681      0.0724      4.0000      2.0444
 56445.4109     18.3651      0.0712      4.0000      1.3977
 56455.3319     18.3507      0.0721      4.0000      0.5942
 56463.3980     18.3975      0.0700      4.0000      0.1059
 56513.3084     18.2792      0.0647      4.0000      3.9418
 56532.2240     18.3774      0.0709      4.0000      1.5356
 56540.2399     18.3461      0.0697      4.0000      1.6127
 56549.1560     18.3070      0.0661      4.0000      0.8671
 56560.1767     18.4220      0.0674      4.0000      0.9134
