 53505.4448     20.8500      0.4800      1.0000      0.0000
 53524.4475     20.0900      0.3000      1.0000      0.0000
 53559.3385     20.9500      0.5000      1.0000      0.0000
 53646.1573     20.7200      0.4600      1.0000      0.0000
 53686.1692     20.2003      0.2368      2.0000      0.0071
 53874.4137     18.7200      0.4700      1.0000      0.0000
 53907.3436     20.4800      0.4100      1.0000      0.0000
 54004.1608     20.2767      0.2220      2.0000      0.0251
 54030.1357     20.4800      0.3500      1.0000      0.0000
 54037.1451     20.5500      0.3700      1.0000      0.0000
 54052.0964     20.7600      0.4100      1.0000      0.0000
 54058.0738     20.1000      0.2900      1.0000      0.0000
 54244.4326     20.4705      0.2571      2.0000      0.5779
 54949.4635     20.6300      0.4400      1.0000      0.0000
 55034.3256     20.4300      0.5100      1.0000      0.0000
 55040.2796     20.4400      0.3700      1.0000      0.0000
 55071.1445     19.7800      0.3300      1.0000      0.0000
 55092.2211     20.3000      0.3400      1.0000      0.0000
 55121.1675     20.1500      0.3100      1.0000      0.0000
 55144.0828     20.1800      0.3200      1.0000      0.0000
 55352.3734     20.4900      0.3800      1.0000      0.0000
 55360.3350     20.6100      0.4100      1.0000      0.0000
 55478.1934     20.3400      0.3400      1.0000      0.0000
 55506.1231     20.6500      0.5400      1.0000      0.0000
 55517.1032     19.6000      0.3000      1.0000      0.0000
 55531.0754     19.8300      0.3400      1.0000      0.0000
 55680.4700     21.0200      0.4400      1.0000      0.0000
 56091.3785     20.5200      0.3900      1.0000      0.0000
 56185.2491     20.0706      0.1065      3.0000    106.0488
 56192.1499     20.7900      0.4700      1.0000      0.0000
 56424.4640     20.5500      0.4100      1.0000      0.0000
 56445.4194     20.5400      0.4200      1.0000      0.0000
 56463.3958     20.8400      0.4800      1.0000      0.0000
 56513.3084     20.8520      0.3445      2.0000      0.1135
 56560.1802     20.8500      0.4600      1.0000      0.0000
