 53481.4797     18.6771      0.0813      4.0000      5.6847
 53494.4476     18.5179      0.0724      4.0000      1.4779
 53505.4332     18.4244      0.0686      4.0000      0.8994
 53524.4464     18.4780      0.0671      4.0000      1.5014
 53530.4119     18.4239      0.0674      4.0000      2.9693
 53551.3815     18.5497      0.0737      4.0000      1.3503
 53562.3470     18.3860      0.0686      4.0000      0.4084
 53567.3896     18.5119      0.0734      4.0000      1.4551
 53637.1879     18.6018      0.0762      4.0000      0.9865
 53644.1744     18.4482      0.0712      4.0000      0.5333
 53653.1452     18.3373      0.0697      4.0000      1.9139
 53670.1275     18.4893      0.0695      4.0000      3.7185
 53686.1429     18.4965      0.0709      4.0000      8.6288
 53696.0645     18.3546      0.0674      4.0000      1.1018
 53706.0750     18.4196      0.0697      4.0000      1.7721
 53712.0790     18.4945      0.0852      4.0000      2.2417
 53848.4829     18.3492      0.0748      4.0000     11.3334
 53875.4440     18.3754      0.0697      4.0000      2.5762
 53881.4021     18.4485      0.0661      4.0000      0.2316
 53887.3635     18.3821      0.0724      4.0000      0.9821
 53903.3660     18.4110      0.2482      2.0000      4.2414
 53917.3330     18.4502      0.0774      4.0000      1.5365
 53937.3098     18.4049      0.0712      4.0000      1.2932
 53989.1568     18.3592      0.0636      4.0000      0.7970
 53996.1477     18.4893      0.0674      4.0000      0.5150
 54001.1674     18.4413      0.0661      4.0000      0.4472
 54030.1351     18.5006      0.0674      4.0000      2.1173
 54037.1413     18.4158      0.0647      4.0000      3.5438
 54055.0897     18.4915      0.0661      4.0000      0.5065
 54059.0589     18.3324      0.0882      2.0000      0.4667
 54060.0619     18.5387      0.0684      4.0000      4.5149
 54070.1027     18.6372      0.1017      4.0000      2.4710
 54081.0831     18.5562      0.0697      4.0000      1.2835
 54208.4877     18.4403      0.0824      4.0000      1.5096
 54236.4532     18.7026      0.0843      4.0000     26.5688
 54244.4117     18.4096      0.0674      4.0000      0.9459
 54259.3965     18.4318      0.0686      4.0000      1.4321
 54266.3488     18.4202      0.0709      4.0000      1.8009
 54277.3727     18.4062      0.0686      4.0000      0.6329
 54299.3407     18.3781      0.0896      3.0000      0.6666
 54354.2032     18.5783      0.0721      4.0000      1.8101
 54380.1346     18.6048      0.0697      4.0000      2.0625
 54386.1630     18.4863      0.0674      4.0000      3.1116
 54407.1685     18.3553      0.0661      4.0000      1.8592
 54413.0909     18.4340      0.0656      4.0000      6.5214
 54591.4238     18.4409      0.0684      4.0000      2.7013
 54601.4308     18.4875      0.0700      4.0000      0.0957
 54624.3664     18.5469      0.0636      4.0000      1.3102
 54730.2128     18.5504      0.0697      4.0000      2.8089
 54740.1480     18.5992      0.0557      7.0000     11.0669
 54767.1138     18.5991      0.0624      5.0000      2.1413
 54788.0756     18.5147      0.0661      4.0000      1.0334
 54806.0660     18.8248      0.0950      4.0000      3.0571
 54822.0728     18.4151      0.0656      4.0000      5.0718
 54952.4473     18.4395      0.0686      4.0000      1.4594
 54978.4018     18.4750      0.0700      4.0000      0.5765
 54997.4138     18.4717      0.0674      4.0000      3.0888
 55040.2758     18.4264      0.0686      4.0000      0.4612
 55058.2757     18.9831      0.0608      5.0000     88.3364
 55071.1712     18.9702      0.1017      4.0000     12.1240
 55092.2157     18.4344      0.0686      4.0000      1.3382
 55098.1747     18.4576      0.0835      4.0000      1.6116
 55128.1342     18.5264      0.0697      4.0000      1.4041
 55141.1022     18.7879      0.0792      4.0000     12.9253
 55154.0731     18.4314      0.0824      4.0000      0.3605
 55326.4347     18.4789      0.0712      4.0000      0.7366
 55334.4239     18.4070      0.0668      4.0000    102.1292
 55340.3969     18.4847      0.0712      4.0000      1.1364
 55352.3905     18.5624      0.0724      4.0000      1.1633
 55360.3347     18.5637      0.0737      4.0000      0.3593
 55381.2774     18.5942      0.0747      4.0000      1.5929
 55454.2436     18.5000      0.0808      3.0000      0.0714
 55478.1590     18.5019      0.0804      3.0000      3.4106
 55482.1064     18.5714      0.0822      3.0000      2.6384
 55506.1226     18.4651      0.0978      3.0000      1.1953
 55517.1007     18.7654      0.1132      3.0000      0.9516
 55528.1041     18.9219      0.1175      3.0000      9.2387
 55679.4653     18.5237      0.0647      4.0000      6.1554
 55694.4268     18.5665      0.0812      4.0000      0.4652
 55706.4309     18.4572      0.0721      4.0000      2.8864
 55715.4107     18.5127      0.0731      4.0000      4.2049
 55823.1853     18.3829      0.0636      4.0000      2.1003
 55834.1365     18.5650      0.0700      4.0000      0.2296
 55850.1678     18.4261      0.0948      4.0000      1.2633
 56061.4276     18.4065      0.0668      4.0000      6.6665
 56076.4126     18.3931      0.0724      4.0000      0.0614
 56091.3798     18.4020      0.0693      4.0000      2.2970
 56164.1580     18.4774      0.0724      4.0000      0.9841
 56185.2543     18.4988      0.0636      4.0000      3.7764
 56192.1714     18.5366      0.0737      4.0000      0.6174
 56204.1061     18.4259      0.0697      4.0000      0.9981
 56227.1766     18.6296      0.0820      4.0000     11.1728
 56239.0837     18.4083      0.0948      4.0000      0.9100
 56253.1123     18.3978      0.0674      4.0000      1.2890
 56264.0740     18.3950      0.0674      4.0000      4.5270
 56424.4666     18.3856      0.0686      4.0000      2.2777
 56431.4294     18.3604      0.0695      4.0000      4.4729
 56444.4324     18.5110      0.0721      4.0000      3.5705
 56455.3324     18.4897      0.0772      4.0000      4.8671
 56463.3963     18.4450      0.0700      4.0000      0.4133
 56513.3090     18.4660      0.0712      4.0000      0.2412
 56532.2025     18.4992      0.0762      4.0000      0.7225
 56540.2388     18.4070      0.0712      4.0000      1.1567
 56549.2224     18.3185      0.0670      4.0000      5.1752
 56558.2018     18.3572      0.0661      4.0000      1.0157
 56564.1055     18.4275      0.0600      4.0000      1.4913
