1003360 3.22820 2.75866 2.83389 0.00331 0.00825 0.02932
1004108 7.41098 8.17401 4.83917 0.00355 0.01031 0.06286
10083 8.22456 0.09603 0.11449 0.00326 0.00652 0.13056
116587 3.83240 4.24954 4.25681 0.00370 0.01070 0.10803
116631 0.69208 0.77498 0.87066 0.06322 0.11775 0.23832
124322 1.33491 2.14996 4.91226 3.88215 14.0108 788.305
130882 0.63634 0.74737 0.91890 7.12299 19.7179 33.5674
135123 1.01289 1.13515 1.32971 0.00370 0.01065 0.07420
135263 0.21654 0.23968 0.26122 0.00192 0.00351 0.00672
139184 0.27449 0.31973 0.37483 2.84843 7.20763 11.9132
150233 1.48851 2.62492 2.57093 0.00376 0.01014 0.04161
15036 1.47310 2.98619 1.35801 0.00371 0.01081 0.07575
155108 0.0 1.05254 1.03978 0.00429 0.01080 0.04553
1595 5.94815 3.46714 3.62532 0.00328 0.00986 0.05652
160537 0.0 2.84143 1.42374 3.45751 12.6129 43.3365
168798 0.19137 0.21105 0.23075 0.00388 0.00585 0.00858
171656 0.0 2.22454 1.60906 0.00411 0.01132 0.11423
188409 0.0 4.24939 1.59883 0.00329 0.00979 0.29176
190236 2.34757 5.68386 2.97075 0.00355 0.00939 0.05898
191897 0.39618 0.43490 0.47239 0.00149 0.00269 0.00537
192713 0.51042 0.63512 0.81500 3.44534 17.9922 39.0476
193644 0.0 5.51718 5.08600 0.00461 0.01253 0.15056
204497 0.0 7.11050 1.15592 0.00337 0.00938 0.03998
206219 4.44104 1.88292 1.82645 10.5061 37.8992 483.357
207863 0.0 4.99912 5.62527 0.00425 0.01936 inf
208546 0.54925 0.63718 0.75019 0.00509 0.01421 13.4668
211659 0.0 5.08177 5.66112 7.61711 27.4131 2.53989
211917 0.39963 0.48331 0.58848 4.37933 11.7748 25.0544
212429 0.0 3.16447 5.74508 0.00343 0.00970 0.03556
214180 0.74793 0.90122 1.11068 12.7751 30.2500 49.7740
215146 0.0 1.15587 1.11465 23.5478 inf inf
219984 0.13007 0.14193 0.15449 0.00272 0.00516 0.00815
228936 0.15513 0.18029 0.20300 0.00494 0.00780 0.01314
230943 0.0 1.29881 1.01144 0.00445 0.01973 inf
234084 0.25909 0.29224 0.32719 0.00281 0.00687 0.01639
239048 0.19628 0.25276 0.30759 2.99931 7.63464 15.5999
240166 2.70525 0.14970 0.17412 0.00321 0.00586 0.01408
249505 0.13784 0.14534 0.15452 0.00148 0.00245 0.00373
254777 4.89466 1.05327 4.21979 0.00454 0.01908 2.24999
267397 0.25371 0.39350 0.50898 3.41979 12.0825 32.5451
267924 5.12178 5.01160 5.17364 0.00349 0.00932 0.04691
272557 0.28094 0.30910 0.33735 0.00305 0.00501 0.00760
277096 0.0 4.32545 3.66942 0.00343 0.01248 1.86240
294555 0.27593 0.33299 0.39769 0.54628 2.58980 7.37028
297824 5.85357 4.68834 5.40492 0.00332 0.00987 0.06403
302200 0.34832 0.37305 0.39582 0.00170 0.00280 0.00414
305847 0.28210 0.32532 0.36495 0.00595 0.01122 0.03158
30826 1.30537 2.58398 4.30454 0.00266 0.00875 0.06084
311753 0.36477 0.40413 0.44753 0.00356 0.00854 0.14295
314151 0.23940 0.26335 0.29423 0.00151 0.00296 0.00619
315212 2.45638 3.16697 1.57137 0.00286 0.00822 0.03504
325730 2.32422 7.72544 2.34950 0.00340 0.00780 0.04923
327874 0.0 2.69278 6.05559 0.00309 0.00849 0.10031
333309 0.09704 0.10914 0.12250 0.00136 0.00229 0.00411
333930 0.0 6.10360 1.37438 0.00307 0.00810 0.03620
3366 1.30901 5.86641 2.30565 0.00461 0.01563 0.69271
338655 0.0 1.15033 2.41181 0.00455 0.02639 inf
34146 4.84210 5.63557 1.46852 0.00457 0.01591 2.21049
341931 0.0 1.77863 1.11367 0.00308 0.00895 0.07263
351840 6.37129 1.24093 1.38197 0.00360 0.01079 0.08585
35328 4.11009 1.61132 9.22355 0.00327 0.00990 0.04621
354594 1.42748 4.28603 3.82026 0.00356 0.01067 0.10151
354651 0.32409 0.36836 0.42258 0.01072 0.01880 0.04308
355541 0.0 1.74686 4.75403 0.00311 0.00942 0.07038
365173 0.0 3.80107 4.63820 0.00448 0.02367 inf
365517 2.90888 9.74618 7.54141 0.00398 0.01052 0.13026
374680 6.75689 1.39759 2.61323 0.00400 0.01202 0.19995
377291 1.48702 6.36147 1.66570 0.00352 0.01127 0.16380
392531 0.0 7.46217 1.13322 0.00929 0.08132 inf
392987 2.50265 4.17386 2.13555 0.00310 0.00801 0.07097
39801 5.10420 8.05775 0.08621 0.00286 0.01198 inf
3989 3.15889 1.49957 9.53262 0.00398 0.01266 0.11775
40916 1.64018 6.16023 3.80993 0.00378 0.01317 inf
41843 0.0 2.03560 1.34332 0.00375 0.01095 0.12794
420990 0.0 8.10564 4.52275 0.00326 0.01344 inf
421783 0.39524 0.43818 0.48310 0.00136 0.00238 0.00445
430378 1.55448 2.51638 2.36480 0.00425 0.01271 1487501
446438 1.22259 2.21994 3.64359 0.00371 0.01112 0.08310
448594 0.0 4.44394 5.57141 0.00341 0.00983 inf
448766 2.99541 6.82406 1.39929 0.00434 0.01239 0.20954
458022 1.68413 1.39782 5.82706 0.00372 0.00980 0.08148
465689 3.09952 3.96274 0.19682 0.00710 0.02283 0.13119
472289 0.0 4.14527 3.18336 95.6990 345.563 inf
473621 0.33587 0.39332 0.45555 2.01759 10.2760 26.6780
477162 0.0 3.04171 0.11075 5.63192 23.8253 131.815
483494 0.22582 0.28843 0.36395 0.00247 1.68537 9.83307
487543 0.0 2.21611 1.04065 0.00406 0.01577 inf
494601 0.0 2.94706 6.11980 0.00404 0.01478 inf
49695 0.07259 0.08411 0.09662 0.02417 0.09834 2.32579
501794 0.39783 0.46677 0.55257 0.04344 15.1503 29.5706
50941 0.24416 0.27683 0.31761 0.00556 0.00963 0.02038
517165 0.15549 0.18639 0.20833 0.00223 0.00426 0.00921
530424 0.0 2.65806 1.36117 0.00511 0.02124 3.48468
532711 1.10232 2.13674 5.32116 0.00733 0.02284 0.34582
535060 0.0 5.03507 3.35287 6.84391 6.10064 inf
53782 0.22624 0.24904 0.27598 0.00226 0.00835 0.01927
541299 1.37395 0.18662 0.21806 0.00216 0.00543 0.01725
54902 0.23358 0.28677 0.34987 0.01144 0.13664 1.20975
553593 0.0 1.62377 2.90894 7.52173 75.9313 inf
557574 5.29079 6.58675 3.50786 0.00326 0.00942 0.13731
557950 0.0 2.85718 5.81374 0.00366 0.00910 0.04565
570102 0.0 1.70581 2.10872 0.00323 0.01031 0.05721
571748 4.40561 9.07206 3.15483 0.00332 0.01109 3.61817
578472 0.26899 0.32091 0.37918 0.00435 1.48281 6.61373
583141 0.0 1.19618 1.29807 0.00517 0.02349 inf
601164 0.18410 0.19457 0.20559 0.00501 0.00634 0.00811
612977 3.26376 3.61916 7.24186 0.00331 0.01033 0.07980
621846 0.45074 0.55341 0.67994 1.07031 8.58914 21.2929
624070 1.33010 2.06620 9.31393 0.00349 0.00960 0.11428
630613 0.18142 0.21992 0.26055 0.01476 0.12372 0.90116
63084 0.0 3.67135 1.93981 0.00447 0.02033 inf
631758 0.20429 0.22477 0.24523 0.00268 0.00480 0.00750
63349 0.18828 0.20915 0.23423 0.00929 0.01583 0.03187
634824 0.0 7.16816 4.78701 27.6789 inf inf
635073 0.26900 0.31258 0.36058 0.24037 2.75248 8.09951
637486 0.0 2.93831 4.93568 0.00409 0.01420 inf
647862 0.14074 0.15482 0.16603 0.00219 0.00383 0.00578
652540 0.33074 0.37027 0.41394 0.03351 0.20325 0.47112
652757 0.50847 0.60206 0.70808 8.69471 19.4012 32.8940
657037 0.23086 0.24925 0.26741 0.00213 0.00345 0.00533
661404 0.20966 0.23088 0.24792 0.00181 0.00308 0.00491
665328 6.18693 3.12222 2.59751 0.00442 0.01377 0.09696
669431 0.24722 0.27842 0.31395 0.07382 0.40757 0.86441
674260 0.0 3.07445 3.66545 11.6879 118.896 inf
684124 0.0 9.06280 0.10272 0.00396 0.01495 inf
686484 0.06916 0.07940 0.08953 0.01009 0.02073 0.08739
688236 0.20921 0.23236 0.25321 0.00159 0.00286 0.00502
688730 0.38928 0.48371 0.62636 12.6081 37.8453 81.2292
689686 0.0 1.33081 3.81281 0.00343 0.00953 0.04724
698262 0.0 2.32763 6.53385 0.00385 0.01069 0.06193
698961 0.49421 0.56673 0.65552 1.74532 5.04240 11.1549
702956 2.95704 1.10339 0.00089 0.00350 0.01280 0.39222
710936 0.23207 0.25109 0.26890 0.00286 0.00454 0.00681
710954 0.15140 0.19686 0.21352 0.00173 0.00297 0.00476
711961 0.0 2.42543 5.35759 0.00305 0.00829 0.05081
719491 4.91501 1.25281 3.95549 0.00312 0.00806 0.03517
719518 0.39123 0.45939 0.53235 2.38359 7.91755 16.2760
722981 1.35327 7.46329 6.32586 0.00401 0.01112 0.06984
727084 0.17938 0.20347 0.22609 0.00285 0.00504 0.00777
729762 0.0 1.10170 1.34292 0.00422 0.01428 9.52363
730397 0.0 6.63151 1.22406 0.00377 0.00951 0.06265
730758 0.0 2.61734 6.17375 0.00404 0.01545 inf
73339 1.80650 0.10833 0.16891 0.00216 0.00610 0.06094
73688 9.13641 1.80730 2.16788 0.00419 0.01236 0.15747
736972 0.33575 0.35590 0.37962 0.00319 0.00482 0.00780
74322 0.05985 0.06809 0.07666 0.06337 0.16926 0.78122
751389 7.29659 1.34147 7.34609 0.00322 0.00963 0.05371
755520 1.32473 3.88444 3.24104 2.11377 7.41065 66.6537
76134 0.30572 0.34388 0.38348 0.00252 0.00572 0.01053
769697 0.17449 0.18904 0.20493 0.00235 0.00426 0.00674
769967 0.20004 0.22122 0.24088 0.00153 0.00263 0.00459
770586 2.71836 3.52608 7.19586 0.00415 0.01294 2.55662
778779 0.0 5.57606 9.79518 0.00399 0.01303 inf
787042 0.24839 0.29550 0.34398 0.00792 0.23416 33.0293
790552 0.79141 0.96709 1.22071 4.34700 13.1252 26.2209
795624 0.0 1.31882 1.42346 245.365 inf inf
803577 0.0 1.67732 3.00152 4.41741 17.4667 1.58321
806008 1.58516 2.68893 1.22316 0.00324 0.00977 0.06914
807028 0.0 1.02970 1.79147 0.00654 0.04837 inf
807509 6.10053 1.94960 3.17166 0.00436 0.01269 0.43927
807805 0.0 4.48959 3.01098 21.5879 72.3854 inf
813442 9.87469 2.68374 2.24732 11.9732 50.6796 147.757
816657 0.06302 0.06959 0.07638 0.01439 0.02624 0.07214
822909 0.0 1.86997 2.04022 27.0824 83.9710 378.069
824384 1.88918 0.15887 0.18507 0.00200 0.00493 0.02290
829556 0.23643 0.24897 0.26467 0.00263 0.00378 0.00520
829624 0.05436 0.06533 0.07586 0.01465 0.03575 0.15909
833520 0.21186 0.23655 0.26081 0.00813 0.01248 0.02056
835923 0.96809 1.12301 1.34262 24.7069 45.5559 85.7462
836352 0.0 8.09139 1.24169 0.00440 0.05400 inf
838862 2.31862 8.42642 9.61984 14.6836 62.6944 271.958
839283 3.12381 4.61674 1.35337 0.00330 0.01082 inf
840321 0.0 1.07962 2.36657 0.00558 0.05894 inf
847383 0.22663 0.24819 0.27064 0.00260 0.00442 0.00712
847724 4.95521 0.11352 0.17306 0.00352 0.00935 0.10485
85190 0.37613 0.44213 0.51878 10.9856 19.0800 30.8776
854769 0.0 6.22846 4.76599 16.5209 61.2628 529.300
857334 0.39146 0.43411 0.47883 0.00693 0.01177 0.02147
86497 0.22906 0.25423 0.27906 0.00387 0.00684 0.01026
866258 1.14880 3.06475 1.14099 0.00321 0.00848 0.03972
869077 1.39197 2.12186 1.62456 22.0023 90.3720 9.47276
872521 0.40045 0.46977 0.55485 8.06696 15.0647 29.3138
872836 0.31006 0.34572 0.39156 0.00455 0.01042 0.02527
874592 4.60585 1.87611 1.24045 0.00305 0.00826 0.03016
877037 5.38623 8.78562 7.05363 0.00293 0.00799 0.07794
877573 0.12707 0.13421 0.14336 0.00513 0.00714 0.01063
883787 3.87618 0.09170 0.12698 0.00204 0.00595 inf
883911 0.05999 0.06958 0.07796 0.01186 0.02269 0.06493
884630 4.36560 5.00923 4.16945 0.00340 0.00827 0.04547
894 0.29905 0.32285 0.35587 0.00540 0.00728 0.01007
895213 0.16799 0.18955 0.21398 1.54614 4.60527 8.59888
895381 0.63421 0.67836 0.73164 0.00387 0.00630 0.01014
901209 2.80785 6.12542 2.18226 0.00331 0.01054 0.12747
902108 0.12351 0.13882 0.15515 0.00387 0.00675 0.01091
904032 0.42316 0.44827 0.47650 0.00165 0.00269 0.00418
908498 0.11468 0.13360 0.15308 0.00505 0.00768 0.01200
913053 4.25354 8.12107 1.72994 0.00362 0.01148 0.27612
91638 0.0 2.55082 1.99377 0.00519 0.01557 0.14093
917398 7.81423 6.35300 2.04164 0.00373 0.00996 0.14072
919672 1.02572 2.29009 5.38155 0.00326 0.00865 0.02605
919789 3.63285 2.11446 0.10075 0.00419 0.01631 2.96413
927191 0.0 5.82762 1.98206 0.00372 0.01097 0.19173
927326 0.03456 0.04092 0.04758 0.07284 0.19057 0.68328
931552 0.17529 0.18781 0.20227 0.02259 0.03320 0.05111
932670 0.13310 0.14810 0.16206 0.00780 0.01177 0.01936
943687 0.08367 0.09545 0.10683 0.02647 0.06616 0.25262
943965 0.0 2.08232 0.20172 0.00320 0.00848 0.03901
946195 0.0 5.57880 9.80436 0.00428 0.01214 89.6943
94898 0.32383 0.35043 0.38466 0.02560 0.03209 0.04321
951287 0.20406 0.21474 0.22638 0.00185 0.00284 0.00408
955178 8.39669 2.26224 7.98326 0.00281 0.00838 0.03590
956105 0.0 3.11813 6.08609 0.00352 0.01271 0.64284
956531 0.52206 0.58080 0.64480 0.14909 0.25831 0.45815
956816 4.54351 0.05511 0.06569 0.02702 0.10072 0.90673
962216 0.03926 0.04320 0.04817 0.23534 0.47224 0.98203
963426 0.0 7.69987 3.17801 0.00653 0.02296 inf
970288 0.13329 0.14491 0.15699 0.00927 0.01507 0.02560
97415 0.0 2.59059 0.08250 0.00321 0.00860 0.04026
975260 0.16923 0.19207 0.21803 0.02559 0.04602 0.10711
977269 0.0 5.14274 2.59645 0.00392 0.01037 0.11549
9817 2.76800 8.66716 8.22005 0.00419 0.01435 inf
981735 0.02850 0.03344 0.03803 0.14759 0.36732 1.08056
985303 0.43827 0.46752 0.50349 0.00663 0.01040 0.01485
990365 0.32644 0.37227 0.42519 0.17099 0.44087 1.45755
99266 0.25978 0.33730 0.41397 1.99478 6.26344 16.0439
