53532.43500 19.48 0.23 0
53552.42200 20.32 0.36 0
53552.42845 20.49 0.39 0
53552.43491 19.74 0.26 0
53553.42561 19.59 0.24 0
53553.43212 19.54 0.24 0
53637.24027 20.07 0.31 0
53637.24679 19.15 0.20 0
53644.23830 20.58 0.42 0
53644.24684 21.03 0.54 0
53644.25536 19.87 0.28 0
53644.26388 19.90 0.29 0
53673.19067 19.71 0.12 0
53673.19733 19.89 0.13 0
53673.20402 19.70 0.12 0
53673.21070 20.07 0.14 0
53675.18300 19.59 0.23 0
53702.08392 19.60 0.23 0
53702.09049 19.43 0.21 0
53702.10359 19.96 0.28 0
53704.12032 19.84 0.13 0
53704.12618 19.91 0.13 0
53704.13193 20.01 0.14 0
53704.13760 19.92 0.13 0
53725.11232 20.38 0.35 0
53725.11972 19.81 0.26 0
53725.13455 19.58 0.23 0
53906.42838 20.72 0.48 0
53906.43321 20.28 0.37 0
53906.43807 20.33 0.38 0
53937.38108 19.59 0.26 0
53937.38992 19.11 0.20 0
53937.39876 19.47 0.24 0
53937.40767 19.45 0.24 0
53975.29842 19.77 0.24 0
53975.30742 19.32 0.19 0
53975.31651 19.93 0.26 0
53975.32558 19.38 0.20 0
53990.35093 20.26 0.32 0
53997.21901 19.34 0.20 0
53997.23028 19.45 0.21 0
53997.24159 18.95 0.16 0
53997.25289 19.35 0.19 0
54010.18254 19.38 0.11 0
54010.18739 19.57 0.12 0
54010.19217 19.69 0.13 0
54010.19706 19.20 0.11 0
54024.14606 19.45 0.21 1
54024.14606 21.04 0.48 0
54024.15248 19.18 0.18 0
54024.15892 19.60 0.22 0
54024.16536 19.29 0.19 0
54028.27386 19.55 0.12 0
54028.27845 19.48 0.11 0
54028.28308 19.63 0.12 0
54028.28768 19.72 0.12 0
54030.21105 19.53 0.21 0
54030.21695 19.39 0.20 0
54030.22280 20.26 0.31 0
54030.22869 19.68 0.23 0
54050.15646 20.19 0.30 0
54050.16616 20.50 0.36 0
54050.17590 19.80 0.24 0
54050.18563 19.54 0.21 0
54053.09234 19.80 0.13 0
54053.09966 19.79 0.13 0
54053.10691 19.69 0.12 0
54053.11403 19.73 0.13 0
54081.15153 19.61 0.23 0
54094.10090 19.93 0.26 0
54094.11006 20.23 0.31 0
54109.08919 19.13 0.19 0
54109.09354 20.04 0.30 0
54109.09805 19.41 0.22 0
54264.42688 19.36 0.22 0
54264.43222 19.41 0.22 0
54264.43752 19.30 0.21 0
54264.44284 19.21 0.20 0
54346.31240 18.67 0.15 0
54346.31855 19.08 0.18 0
54346.32469 18.92 0.16 0
54346.33081 19.51 0.22 0
54353.24793 19.55 0.23 0
54353.25497 19.27 0.20 0
54353.26201 19.51 0.22 0
54353.27424 19.04 0.18 0
54388.16610 19.08 0.21 0
54388.16928 19.56 0.27 0
54388.17228 19.41 0.25 0
54388.17528 19.72 0.30 0
54404.14015 18.98 0.17 0
54415.08532 19.41 0.11 0
54415.09193 19.50 0.11 0
54415.09862 19.49 0.11 0
54415.10532 19.57 0.11 0
54421.10969 19.69 0.24 0
54421.11566 20.20 0.32 0
54438.09986 20.29 0.32 0
54438.10625 19.43 0.20 0
54438.11266 19.34 0.19 0
54438.11909 18.98 0.17 0
54449.05797 20.18 0.30 0
54449.06348 20.04 0.28 0
54454.10402 19.64 0.23 0
54465.07431 20.11 0.29 0
54465.09242 19.77 0.24 0
54466.12816 19.64 0.14 0
54466.13338 19.51 0.13 0
54466.13854 19.50 0.13 0
54466.14373 19.88 0.15 0
54475.07972 20.29 0.32 0
54475.08939 19.36 0.20 0
54475.09420 18.66 0.15 0
54628.40473 19.42 0.22 0
54628.41889 19.72 0.25 0
54675.44105 19.56 0.14 0
54675.44580 19.64 0.15 0
54716.31923 19.51 0.14 0
54716.32461 19.58 0.14 0
54716.32751 19.18 0.19 0
54716.33019 19.62 0.14 0
54716.33498 19.90 0.26 0
54716.33556 19.46 0.13 0
54716.34239 19.47 0.21 0
54716.34979 19.45 0.21 0
54729.32605 19.22 0.19 0
54729.34071 19.67 0.23 0
54730.22993 19.43 0.12 0
54730.23770 19.53 0.12 0
54730.25315 19.52 0.11 0
54731.21814 19.60 0.11 0
54731.22695 19.60 0.11 0
54731.23585 19.74 0.12 0
54731.24473 19.64 0.12 0
54740.21910 19.64 0.24 0
54740.23140 20.20 0.32 0
54740.24354 20.17 0.31 0
54740.25573 19.43 0.21 0
54747.18025 19.59 0.12 0
54747.18501 19.52 0.12 0
54747.18980 19.71 0.13 0
54747.19460 19.80 0.13 0
54763.15420 19.64 0.12 0
54763.16222 19.50 0.11 0
54763.17002 19.66 0.12 0
54763.17801 19.67 0.12 0
54769.17105 19.77 0.24 0
54769.17826 19.33 0.20 0
54769.18547 20.20 0.31 0
54790.11725 19.72 0.23 0
54790.12292 19.66 0.12 0
54790.12505 19.47 0.21 0
54790.12847 19.71 0.12 0
54790.13290 19.61 0.22 0
54790.13409 19.72 0.12 0
54790.13968 19.77 0.12 0
54790.14077 19.81 0.24 0
54821.10895 20.43 0.34 0
54821.12118 19.37 0.20 0
54821.12722 20.42 0.34 0
55058.35015 19.02 0.15 0
55058.35740 19.29 0.17 0
55058.36465 18.99 0.15 0
55058.37188 19.49 0.19 0
55072.27484 19.79 0.33 0
55072.27870 20.73 0.57 0
55074.27031 19.44 0.28 0
55084.34086 18.67 0.18 0
55084.34576 19.41 0.26 0
55094.22994 19.79 0.13 0
55094.23630 19.65 0.13 0
55094.24261 19.60 0.12 0
55094.24888 19.71 0.13 0
55101.23425 19.21 0.19 0
55101.24230 19.22 0.19 1
55101.24230 20.51 0.38 0
55101.25039 19.79 0.26 0
55101.25846 19.24 0.19 0
55118.13424 19.25 0.20 0
55118.14231 20.33 0.34 0
55118.15019 19.64 0.24 0
55118.15817 19.40 0.21 0
55126.17570 19.51 0.22 0
55126.18160 19.78 0.25 0
55126.18762 19.65 0.24 0
55126.19356 19.50 0.22 0
55127.21600 19.54 0.12 0
55127.22159 19.62 0.12 0
55127.22710 19.63 0.12 0
55127.23272 19.84 0.13 0
55151.07865 19.45 0.21 0
55151.09319 19.87 0.26 0
55151.10051 19.12 0.18 0
55156.10077 19.50 0.12 0
55156.10778 19.72 0.13 0
55156.11485 19.69 0.13 0
55156.12184 19.16 0.11 0
55175.08320 19.48 0.21 0
55175.08924 19.47 0.21 0
55175.10141 19.83 0.26 0
55202.07600 19.19 0.23 0
55202.08699 19.91 0.34 0
55364.41787 19.26 0.20 0
55364.42368 18.92 0.17 0
55364.42943 19.18 0.19 0
55364.43528 19.38 0.21 0
55368.40521 19.16 0.19 0
55368.41040 19.42 0.22 0
55368.41560 19.38 0.21 0
55368.42082 19.18 0.19 0
55383.37162 20.02 0.30 0
55383.38436 19.86 0.27 0
55442.29004 19.54 0.11 0
55442.29657 19.49 0.11 0
55442.30308 19.63 0.12 0
55442.30955 19.58 0.11 0
55450.28724 19.30 0.19 0
55450.29760 20.02 0.27 0
55450.30279 19.43 0.20 0
55457.24643 19.43 0.13 0
55457.25403 19.68 0.14 0
55457.26163 19.46 0.13 0
55457.26921 19.52 0.13 0
55468.29641 20.20 0.32 0
55468.31018 19.31 0.20 0
55480.27794 19.65 0.12 0
55480.28543 19.36 0.10 0
55480.29288 19.64 0.12 0
55480.30040 19.61 0.11 0
55497.18669 19.55 0.11 0
55497.19196 19.49 0.11 0
55497.19721 19.50 0.11 0
55497.20243 19.46 0.11 0
55509.09948 19.17 0.19 1
55509.09948 21.11 0.54 0
55509.11438 18.88 0.17 0
55509.12179 19.89 0.28 0
55527.16037 18.84 0.20 0
55527.17398 19.67 0.30 0
55527.18076 19.63 0.30 0
55532.12968 19.78 0.26 0
55539.09729 19.82 0.28 0
55539.10874 19.85 0.27 0
55539.11446 19.52 0.22 0
55569.08297 20.76 0.44 0
55569.08761 19.84 0.27 0
55569.09690 20.04 0.30 0
55822.30251 19.13 0.18 0
55822.30985 19.08 0.18 0
55822.31720 19.68 0.24 0
55828.27720 19.46 0.12 0
55828.28184 19.59 0.12 0
55828.28650 19.47 0.12 0
55828.29110 19.29 0.11 0
55834.20346 19.34 0.20 0
55834.21188 19.33 0.20 0
55834.22026 19.13 0.18 0
55834.22876 19.70 0.24 0
55849.21742 18.54 0.14 0
55849.22427 19.28 0.19 0
55849.23115 19.42 0.21 0
55849.23812 18.92 0.16 0
55862.13637 19.29 0.20 0
55862.14435 18.78 0.15 0
55862.15225 19.34 0.20 0
55862.16024 19.67 0.24 0
55881.11055 19.23 0.19 0
55881.11562 18.86 0.16 0
55881.12072 19.79 0.25 0
55881.12590 18.76 0.15 0
55892.09111 19.14 0.18 0
55892.09688 19.47 0.21 0
55892.10261 18.91 0.16 0
55892.10830 19.32 0.20 0
56096.40988 18.74 0.16 0
56096.41658 18.71 0.15 0
56096.42336 19.02 0.18 0
56096.43019 19.33 0.20 0
56126.44743 19.11 0.18 0
56126.45410 19.91 0.27 0
56126.46093 18.55 0.14 0
56126.46775 19.12 0.18 0
56151.37367 19.02 0.18 0
56151.37724 19.20 0.20 0
56151.38080 19.23 0.20 0
56151.38438 18.47 0.14 0
56163.34125 19.01 0.19 0
56163.35296 19.01 0.21 0
56185.35128 19.33 0.11 0
56185.35587 19.22 0.11 0
56185.36050 19.38 0.11 0
56185.36514 19.23 0.11 0
56195.29293 19.42 0.19 0
56195.29706 16.27 0.07 0
56195.30121 20.48 0.32 0
56206.17218 19.17 0.21 0
56206.17951 19.21 0.23 0
56206.18734 19.11 0.19 0
56206.19466 19.17 0.19 0
56214.15914 19.14 0.19 0
56214.16816 18.87 0.16 0
56214.17727 19.06 0.18 0
56214.18631 18.92 0.17 0
56216.17898 19.29 0.11 0
56216.18583 19.25 0.11 0
56216.19261 19.32 0.11 0
56216.19940 19.14 0.10 0
56221.27164 18.85 0.14 0
56221.27744 19.00 0.15 0
56221.28323 18.73 0.14 0
56221.28892 19.06 0.16 0
56233.12732 18.75 0.16 0
56233.13569 18.91 0.17 0
56233.14412 18.41 0.13 0
56233.15254 19.34 0.20 0
56238.12318 18.59 0.13 0
56238.13094 19.13 0.16 0
56238.13875 19.15 0.16 0
56238.14662 19.32 0.17 0
56258.17877 19.21 0.10 0
56258.18582 19.23 0.10 0
56258.19289 19.10 0.09 0
56258.19998 19.48 0.10 0
56272.11917 19.48 0.19 0
56272.12458 18.96 0.15 0
56272.13001 19.22 0.17 0
56272.13546 19.32 0.17 0
56462.43091 19.57 0.24 0
56462.43602 19.19 0.20 0
56462.44109 18.67 0.15 0
56462.44619 19.11 0.19 0
56532.34174 18.79 0.17 0
56532.34948 18.63 0.16 0
56532.35727 18.96 0.18 0
56532.36504 19.74 0.27 0
56538.35498 19.30 0.22 0
56538.35938 18.96 0.19 0
56538.36381 18.85 0.18 0
56538.36830 19.05 0.19 0
56548.34921 19.46 0.12 0
56548.35408 19.19 0.11 0
56548.36376 19.44 0.12 0
56549.28527 19.69 0.29 0
56549.29261 19.51 0.23 0
56549.29991 18.88 0.17 0
56549.30717 18.75 0.16 0
56558.22693 19.47 0.22 0
56558.23523 19.95 0.29 0
