53532.41999 19.79 0.27 0
53532.42750 19.59 0.24 0
53532.43500 19.47 0.23 0
53532.44265 19.81 0.27 0
53552.43491 19.72 0.26 0
53553.41259 20.42 0.38 0
53553.41911 20.14 0.33 0
53553.42561 19.96 0.29 0
53644.23830 19.67 0.25 0
53644.24684 20.03 0.31 0
53644.25536 19.68 0.25 0
53644.26388 19.90 0.29 0
53673.19067 19.85 0.13 0
53673.19733 19.68 0.12 0
53673.20402 19.58 0.11 0
53673.21070 19.86 0.13 0
53675.17653 20.02 0.29 0
53675.18946 20.50 0.38 0
53675.19595 19.76 0.25 0
53702.08392 19.49 0.22 0
53702.09702 19.61 0.23 0
53704.12032 19.63 0.12 0
53704.12618 19.33 0.11 0
53704.13193 19.61 0.12 0
53704.13760 19.62 0.12 0
53725.12714 20.01 0.29 0
53725.13455 20.01 0.29 0
53906.42355 20.30 0.38 0
53906.42838 19.21 0.21 0
53906.43321 20.64 0.46 0
53937.38992 21.08 0.59 0
53975.29842 20.09 0.28 0
53975.30742 19.50 0.21 0
53975.31651 19.63 0.22 0
53990.35093 19.98 0.27 0
53997.21901 18.31 0.12 0
53997.23028 19.37 0.20 0
53997.24159 20.69 0.39 0
54010.18254 19.79 0.13 0
54010.18739 20.56 0.18 0
54010.19217 19.19 0.11 0
54010.19706 19.47 0.12 0
54024.14606 19.64 0.23 0
54024.15248 19.96 0.27 0
54028.27386 19.95 0.13 0
54028.27845 20.06 0.14 0
54028.28308 20.13 0.15 0
54028.28768 20.11 0.14 0
54030.21105 20.22 0.30 0
54030.22280 19.33 0.19 0
54050.16616 19.77 0.24 0
54050.17590 20.49 0.35 0
54050.18563 20.17 0.30 0
54053.09234 20.10 0.15 0
54053.09966 19.85 0.13 0
54053.10691 19.94 0.14 0
54053.11403 19.69 0.13 0
54081.15704 19.95 0.27 0
54081.16253 19.92 0.27 0
54094.09175 19.00 0.17 0
54109.08486 20.02 0.30 0
54109.08919 20.05 0.31 0
54264.43222 19.69 0.25 0
54264.43752 19.66 0.25 0
54264.44284 19.56 0.24 0
54346.33081 19.87 0.26 0
54353.24793 19.38 0.21 0
54353.25497 19.39 0.21 0
54353.26201 19.55 0.23 0
54353.27424 19.61 0.24 0
54388.16610 19.07 0.21 0
54388.16928 19.69 0.29 0
54388.17228 19.55 0.27 0
54388.17528 19.66 0.29 0
54415.08532 19.53 0.12 0
54415.09193 19.61 0.11 0
54415.09862 19.43 0.11 0
54415.10532 19.47 0.11 0
54421.10372 19.53 0.22 0
54421.10969 19.71 0.24 0
54421.12163 19.91 0.27 0
54438.09986 20.34 0.33 0
54438.11266 19.68 0.23 0
54438.11909 19.85 0.25 0
54449.06348 20.79 0.42 0
54449.07447 19.78 0.24 0
54454.09758 20.12 0.29 0
54454.10402 18.56 0.14 0
54465.07431 19.92 0.26 0
54465.08036 19.94 0.27 0
54466.12816 19.44 0.13 0
54466.13338 19.17 0.11 0
54466.13854 19.64 0.14 0
54466.14373 19.52 0.13 0
54475.07972 19.56 0.22 0
54475.08455 19.96 0.27 0
54475.08939 19.54 0.22 0
54628.40473 19.68 0.25 0
54628.41179 19.65 0.24 0
54628.41889 19.41 0.22 0
54628.42603 19.16 0.19 0
54675.44105 19.44 0.13 0
54675.44580 19.30 0.13 0
54716.31923 19.36 0.13 0
54716.32461 19.39 0.13 0
54716.32751 19.54 0.22 0
54716.33019 19.39 0.13 0
54716.33498 20.36 0.33 0
54716.33556 19.46 0.13 0
54716.34239 20.10 0.29 0
54716.34979 19.35 0.20 0
54730.22993 19.21 0.11 0
54730.23770 19.44 0.11 0
54730.24544 14.36 0.11 0
54730.25315 19.37 0.11 0
54731.21814 19.62 0.12 0
54731.22695 19.49 0.11 0
54731.23585 19.59 0.11 0
54731.24473 19.53 0.11 0
54747.18025 19.51 0.12 0
54747.18501 19.67 0.13 0
54747.18980 19.61 0.12 0
54747.19460 19.46 0.12 0
54763.15420 19.58 0.11 0
54763.16222 19.51 0.11 0
54763.17002 19.60 0.11 0
54763.17801 19.50 0.11 0
54769.18547 19.77 0.24 0
54790.11725 19.53 0.21 0
54790.12292 19.62 0.11 0
54790.12505 19.64 0.22 0
54790.12847 19.70 0.12 0
54790.13290 19.25 0.19 0
54790.13409 19.46 0.11 0
54790.13968 19.58 0.11 0
54790.14077 19.52 0.21 0
54821.11506 19.26 0.19 0
54821.12118 19.89 0.26 0
54821.12722 19.02 0.17 0
55058.35015 19.43 0.18 0
55058.35740 20.00 0.24 0
55058.36465 19.74 0.21 0
55058.37188 20.01 0.24 0
55094.22994 19.39 0.12 0
55094.23630 19.70 0.13 0
55094.24261 19.77 0.13 0
55094.24888 19.84 0.13 0
55127.21600 19.76 0.13 0
55127.22159 19.85 0.14 0
55127.22710 19.69 0.13 0
55127.23272 19.92 0.14 0
55151.08593 20.51 0.37 0
55151.09319 20.29 0.33 0
55151.10051 19.27 0.19 0
55156.10077 19.75 0.13 0
55156.10778 19.92 0.14 0
55156.11485 19.64 0.13 0
55156.12184 19.64 0.13 0
55175.08320 19.39 0.21 0
55175.08924 19.59 0.23 0
55202.07067 19.45 0.26 0
55202.08699 18.50 0.16 0
55364.41787 19.35 0.21 0
55364.42943 20.85 0.46 0
55368.41040 21.08 0.53 0
55383.38436 18.90 0.17 0
55383.39076 20.62 0.41 0
55442.29004 20.23 0.15 0
55442.29657 20.24 0.15 0
55442.30308 20.22 0.15 0
55442.30955 20.26 0.15 0
55457.24643 20.57 0.21 0
55457.25403 21.09 0.28 0
55457.26163 20.11 0.17 0
55457.26921 20.33 0.19 0
55480.27794 20.49 0.16 0
55480.28543 20.38 0.16 0
55480.29288 20.54 0.17 0
55480.30040 20.33 0.15 0
55497.18669 20.28 0.15 0
55497.19196 20.34 0.15 0
55497.19721 20.29 0.15 0
55497.20243 20.44 0.16 0
55509.11438 18.57 0.15 0
55527.18076 20.71 0.55 0
55532.11159 20.00 0.29 0
55569.08297 19.86 0.27 0
55574.08382 20.33 0.45 0
55574.09841 20.21 0.43 0
55828.27720 20.50 0.18 0
55828.28184 20.28 0.16 0
55828.28650 20.56 0.19 0
55828.29110 20.78 0.21 0
55862.13637 20.77 0.43 0
56096.40988 19.77 0.26 0
56126.45410 19.67 0.24 0
56126.46093 20.09 0.30 0
56151.37367 19.63 0.24 0
56151.37724 19.74 0.26 0
56151.38438 20.04 0.30 0
56163.34704 16.98 0.09 0
56185.35128 21.15 0.25 0
56185.35128 20.89 0.22 1
56185.35587 20.33 0.17 0
56185.36050 20.02 0.15 0
56185.36514 20.06 0.15 0
56206.17218 19.83 0.29 0
56206.17951 19.22 0.23 0
56206.18734 19.86 0.28 0
56216.17898 20.02 0.15 0
56216.18583 19.89 0.14 0
56216.19261 19.97 0.14 0
56216.19940 19.95 0.14 0
56221.28892 19.99 0.25 0
56238.13875 19.84 0.22 0
56238.14662 19.65 0.20 0
56258.17877 20.17 0.14 0
56258.18582 20.20 0.14 0
56258.19289 20.20 0.14 0
56258.19998 19.93 0.12 0
56272.12458 20.22 0.27 0
56272.13546 20.70 0.35 0
56462.43091 20.57 0.41 0
56462.43602 20.05 0.31 0
56462.44109 20.23 0.34 0
56462.44619 20.51 0.39 0
56532.34174 19.74 0.27 0
56532.34948 19.53 0.24 0
56532.35727 19.93 0.30 0
56532.36504 20.11 0.33 0
56538.35938 20.23 0.36 0
56538.36381 19.72 0.27 0
56548.34921 19.69 0.13 0
56548.35408 19.83 0.13 0
56548.35895 18.02 0.34 0
56548.36376 19.69 0.13 0
56549.28527 19.33 0.24 0
56549.29261 19.92 0.29 0
56549.29991 20.15 0.33 0
56558.23523 19.20 0.19 0
