 53532.4275     19.8059      0.1310      4.0000      3.0057
 53553.4299     20.6056      0.2533      2.0000      5.2676
 53637.2538     19.3214      0.1440      2.0000      5.6053
 53644.2516     19.8566      0.1377      4.0000      0.7574
 53669.2798     19.8700      0.2800      1.0000      0.0000
 53675.1841     19.7527      0.0597      4.0000      6.0169
 53729.1154     19.9400      0.2700      1.0000      0.0000
 53940.3381     20.0300      0.3600      1.0000      0.0000
 53976.2896     19.8045      0.1113      4.0000     16.5493
 53990.3568     19.3841      0.1168      3.0000      1.0489
 53997.2354     19.8291      0.1183      4.0000      9.8335
 54024.1552     19.5819      0.1091      4.0000      1.5781
 54030.2161     19.8557      0.1197      4.0000      7.5198
 54052.1406     19.8924      0.1221      4.0000      9.6220
 54058.1383     19.6785      0.0597      4.0000      7.9641
 54080.1693     19.6943      0.1159      4.0000      5.2849
 54116.0789     20.0300      0.2800      1.0000      0.0000
 54264.4363     20.0407      0.1513      3.0000     14.1006
 54346.3655     19.7801      0.1390      3.0000      1.3378
 54353.2603     20.2114      0.1484      4.0000     10.5124
 54380.2069     19.7692      0.1751      2.0000      1.9388
 54416.1377     19.9215      0.0605      5.0000      1.7104
 54438.1121     19.8857      0.1753      2.0000      2.4047
 54465.0850     19.6883      0.1622      2.0000      0.2159
 54475.0824     20.6100      0.3900      1.0000      0.0000
 54483.0796     20.0100      0.0596      4.0000    234.0937
 54628.4159     19.7542      0.1192      4.0000      9.7650
 54648.3900     19.8007      0.1252      4.0000     19.3814
 54676.4323     19.7455      0.0661      4.0000      0.0602
 54729.3276     19.3700      0.2000      1.0000      0.0000
 54734.3110     19.5969      0.0561      4.0000      1.1249
 54747.2129     19.7644      0.0618      5.0000      4.8833
 54767.2013     19.6507      0.1280      3.0000      5.3202
 54790.1308     19.7054      0.1118      4.0000      6.3457
 54800.0932     19.6182      0.1228      3.0000      7.4692
 54832.1118     19.3876      0.0561      4.0000      1.9923
 54979.4462     19.5808      0.1207      4.0000      0.8107
 55042.3374     19.3034      0.1160      4.0000     11.9165
 55059.4352     19.4135      0.0887      4.0000      0.3004
 55071.2989     19.6069      0.1296      4.0000     27.8314
 55074.2722     18.2600      0.1600      1.0000      0.0000
 55084.3473     19.5357      0.1920      2.0000      2.4246
 55091.2432     19.5222      0.0573      4.0000      1.0460
 55101.2773     19.4771      0.1024      4.0000     18.9133
 55118.1468     19.6642      0.1165      4.0000      3.3635
 55126.1852     19.5170      0.1082      4.0000      3.9468
 55127.2231     19.5833      0.0597      4.0000      2.9241
 55146.1523     19.9041      0.1353      3.0000     17.5085
 55157.1006     19.5666      0.1076      4.0000      8.2867
 55181.0569     19.1456      0.1590      2.0000      0.0248
 55202.0774     19.5057      0.1557      3.0000      0.2493
 55347.4478     19.4800      0.1556      2.0000      0.0661
 55358.4243     19.5956      0.1658      2.0000      2.3531
 55364.4306     19.2914      0.0995      4.0000      1.0469
 55368.4136     19.5842      0.1065      4.0000     24.9294
 55382.4358     19.6813      0.1486      4.0000      2.7419
 55441.3969     19.3554      0.0511      4.0000      1.8027
 55450.2953     19.2449      0.1057      3.0000      0.3806
 55469.2744     19.4870      0.1260      3.0000      1.3361
 55481.2451     19.3050      0.0466      7.0000      1.9238
 55498.1739     19.3534      0.0511      4.0000      0.4046
 55512.1603     19.1605      0.0486      7.0000      5.8300
 55528.1598     19.4312      0.1332      3.0000     20.5042
 55563.1068     19.5307      0.1421      4.0000      5.1506
 55569.0882     19.2543      0.0943      4.0000     16.1345
 55574.0915     19.0458      0.1453      2.0000     17.4218
 55722.4506     19.1690      0.0511      4.0000      2.2639
 55822.2717     20.0727      0.1340      4.0000      9.6278
 55835.2260     19.5622      0.0516      8.0000     28.2924
 55850.2387     20.2600      0.5000      1.0000      0.0000
 55862.1466     19.5259      0.1077      4.0000      2.2210
 55892.1200     19.7861      0.1149      4.0000     13.2038
 55928.0935     19.4692      0.1227      3.0000      4.2488
 56096.4206     19.6065      0.1121      4.0000      9.0989
 56126.4570     19.6347      0.1177      4.0000      2.1916
 56151.3796     19.5069      0.1132      4.0000      1.0638
 56164.3939     19.5783      0.1168      4.0000      1.2675
 56183.2665     19.1682      0.0917      2.0000    185.4722
 56188.2337     19.8998      0.0686      4.0000      1.4382
 56205.1828     20.0939      0.1242      4.0000     43.3117
 56214.1704     19.6062      0.1661      2.0000      0.1099
 56221.2839     20.0264      0.1730      2.0000      1.7325
 56237.1453     19.6623      0.0976      4.0000     13.3794
 56258.1908     19.8860      0.0584      4.0000     37.2680
 56299.1259     20.0876      0.0769      4.0000      6.1207
 56532.3500     20.6753      0.2585      2.0000      8.0257
 56538.3622     20.5431      0.2024      4.0000      2.5223
 56549.2920     20.8300      0.4800      1.0000      0.0000
