 53532.4350     19.4800      0.2300      1.0000      0.0000
 53552.4285     20.2363      0.1854      3.0000      4.1213
 53553.4289     19.5650      0.1697      2.0000      0.0217
 53637.2435     19.7092      0.1681      2.0000      9.1725
 53644.2511     20.4800      0.1721      4.0000      9.8402
 53673.2007     19.8524      0.0634      4.0000      5.5199
 53675.1830     19.5900      0.2300      1.0000      0.0000
 53702.0927     19.6904      0.1357      3.0000      2.6193
 53704.1290     19.9217      0.0661      4.0000      0.8010
 53725.1222     19.9845      0.1546      3.0000      4.8207
 53906.4332     20.4672      0.2321      3.0000      0.6636
 53937.3944     19.4215      0.1158      4.0000      2.9007
 53975.3120     19.6330      0.1086      4.0000      5.9453
 53990.3509     20.2600      0.3200      1.0000      0.0000
 53997.2359     19.2908      0.0935      4.0000      5.2691
 54010.1898     19.4721      0.0583      4.0000     10.2956
 54024.1538     20.0103      0.0970      5.0000     50.8502
 54028.2808     19.5974      0.0586      4.0000      2.4129
 54030.2199     19.7751      0.1140      4.0000      7.6863
 54050.1710     20.0832      0.1303      4.0000      9.5515
 54053.1032     19.7537      0.0636      4.0000      0.5199
 54081.1515     19.6100      0.2300      1.0000      0.0000
 54094.1055     20.0932      0.1992      2.0000      0.5887
 54109.0936     19.6013      0.1297      3.0000      9.0468
 54264.4349     19.3228      0.1060      4.0000      0.5156
 54346.3216     19.0906      0.0861      4.0000     12.6357
 54353.2598     19.3613      0.1024      4.0000      4.5249
 54388.1707     19.4723      0.1255      4.0000      4.3395
 54404.1401     18.9800      0.1700      1.0000      0.0000
 54415.0953     19.4925      0.0550      4.0000      1.0640
 54421.1127     19.9814      0.1920      2.0000      1.9410
 54438.1095     19.6364      0.1015      4.0000     22.5770
 54449.0607     20.1124      0.2047      2.0000      0.1176
 54454.1040     19.6400      0.2300      1.0000      0.0000
 54465.0834     19.9560      0.1849      2.0000      0.8827
 54466.1360     19.6416      0.0684      4.0000      4.7377
 54475.0878     19.6475      0.1124      3.0000     49.4347
 54628.4118     19.5796      0.1652      2.0000      0.8416
 54675.4434     19.6014      0.1023      2.0000      0.1537
 54716.3330     19.5356      0.0577      8.0000      6.5670
 54729.3334     19.4664      0.1465      2.0000      2.4656
 54730.2403     19.4926      0.0672      3.0000      0.4313
 54731.2314     19.6470      0.0573      4.0000      0.9690
 54740.2374     19.9172      0.1289      4.0000      8.1629
 54747.1874     19.6590      0.0624      4.0000      3.0027
 54763.1661     19.6200      0.0586      4.0000      1.5026
 54769.1783     19.8304      0.1377      3.0000      7.7448
 54790.1301     19.6783      0.0529      8.0000      2.2115
 54821.1191     20.1852      0.1538      3.0000     17.6100
 55058.3610     19.2180      0.0813      4.0000      6.2821
 55072.2768     20.3853      0.2856      2.0000      3.6202
 55074.2703     19.4400      0.2800      1.0000      0.0000
 55084.3433     19.1073      0.1480      2.0000      7.2571
 55094.2394     19.6892      0.0636      4.0000      1.2703
 55101.2455     19.7492      0.0977      5.0000     27.0248
 55118.1462     19.7473      0.1165      4.0000     12.0539
 55126.1846     19.6163      0.1157      4.0000      0.9615
 55127.2244     19.6612      0.0611      4.0000      3.0974
 55151.0908     19.5266      0.1210      3.0000      6.9803
 55156.1113     19.5324      0.0608      4.0000     15.0876
 55175.0913     19.6107      0.1289      3.0000      1.5479
 55202.0815     19.6195      0.1905      2.0000      4.2169
 55364.4266     19.1979      0.0954      4.0000      3.5297
 55368.4130     19.2923      0.1006      4.0000      1.3457
 55383.3780     19.9442      0.2007      2.0000      0.1611
 55442.2998     19.5616      0.0561      4.0000      0.8150
 55450.2959     19.6339      0.1227      3.0000      6.1733
 55457.2578     19.5255      0.0661      4.0000      2.0131
 55468.3033     19.8577      0.1696      2.0000      8.6435
 55480.2892     19.5731      0.0558      4.0000      5.3753
 55497.1946     19.5000      0.0550      4.0000      0.3471
 55509.1088     20.1869      0.1129      4.0000     91.7862
 55527.1717     19.4475      0.1455      3.0000     10.1465
 55532.1297     19.7800      0.2600      1.0000      0.0000
 55539.1068     19.7448      0.1457      3.0000      1.2681
 55569.0892     20.3002      0.1826      3.0000      4.7494
 55822.3099     19.3350      0.1124      3.0000      5.3704
 55828.2842     19.4560      0.0586      4.0000      3.5388
 55834.2161     19.3968      0.1009      4.0000      3.9856
 55849.2277     19.0917      0.0844      4.0000     20.1077
 55862.1483     19.3213      0.0946      4.0000     15.1654
 55881.1182     19.2437      0.0887      4.0000     20.9317
 55892.0997     19.2313      0.0922      4.0000      5.7791
 56096.4200     18.9775      0.0847      4.0000      8.5466
 56126.4576     19.2910      0.0889      4.0000     35.1871
 56151.3790     19.0214      0.0871      4.0000     17.3973
 56163.3471     19.0100      0.1409      2.0000      0.0000
 56185.3582     19.2900      0.0550      4.0000      1.5041
 56195.2971     19.6247      0.0643      3.0000   2304.9807
 56206.1834     19.1673      0.1015      4.0000      0.1258
 56214.1727     19.0043      0.0870      4.0000      1.5562
 56216.1892     19.2526      0.0536      4.0000      1.7592
 56221.2803     18.9166      0.0734      4.0000      3.1153
 56233.1399     18.9030      0.0796      4.0000     20.0734
 56238.1349     19.0740      0.0763      4.0000     16.3044
 56258.1894     19.2590      0.0486      4.0000      8.3291
 56272.1273     19.2603      0.0841      4.0000      5.5245
 56462.4386     19.1874      0.0935      4.0000     14.6067
 56532.3534     19.1253      0.0920      4.0000     19.4972
 56538.3616     19.0524      0.0967      4.0000      2.7680
 56548.3557     19.3683      0.0672      3.0000      3.5682
 56549.2962     19.3024      0.0978      4.0000     20.6920
 56558.2311     19.7429      0.1753      2.0000      2.0490
