    18.7884      0.0798      4.0000      0.3373
    18.6421      0.0769      4.0000      1.0326
    18.8288      0.0823      4.0000      2.5825
    18.7114      0.0787      4.0000      0.1740
    18.7362      0.0376      8.0000      6.1279
    18.5626      0.0709      4.0000      1.2318
    18.6783      0.0745      4.0000      1.0768
    18.7802      0.0816      4.0000      1.8465
    18.9239      0.0924      4.0000      0.1389
    18.7743      0.0862      4.0000      0.2605
    18.8917      0.0787      4.0000      0.2856
    19.1056      0.0863      4.0000      3.9096
    18.8605      0.0780      4.0000      1.2499
    18.8326      0.0771      4.0000      1.3118
    18.7783      0.0745      4.0000      1.7277
    18.9964      0.0801      4.0000      4.6375
    18.8816      0.0461      4.0000      0.7228
    18.9215      0.0805      4.0000      1.5874
    18.9231      0.0788      4.0000      3.3607
    18.8446      0.0804      4.0000      8.3860
    18.7558      0.0920      3.0000      0.8491
    18.8900      0.1600      1.0000      1.0000
    19.0469      0.0857      4.0000      4.5986
    18.9188      0.0959      4.0000      1.9541
    18.9075      0.0450      4.0000      0.2994
    18.8008      0.0754      4.0000      2.0458
    18.9955      0.0815      4.0000      2.0669
    19.2440      0.0925      4.0000      1.2160
    19.7003      0.1336      3.0000      0.6398
    18.7527      0.0747      4.0000      0.7698
    18.9028      0.0798      4.0000      0.7809
    19.0151      0.0461      4.0000      2.0663
    19.1295      0.0929      4.0000      0.9846
    19.0048      0.0725      3.0000      0.1344
    19.0949      0.0887      4.0000      0.4527
    19.1795      0.0889      4.0000      3.6303
    18.9900      0.0450      4.0000      0.8971
    19.0650      0.0500      4.0000      0.0700
    19.3269      0.0932      4.0000      3.7298
    19.4007      0.0992      4.0000      0.9103
    18.8379      0.0697      4.0000      1.7350
    19.0125      0.0500      4.0000      0.3025
    19.0000      0.0500      4.0000      0.2667
    19.1382      0.0900      4.0000      1.9078
    18.9876      0.0511      4.0000      0.0091
    18.9412      0.0805      4.0000      3.2956
    19.0679      0.1311      2.0000     29.4533
    18.5430      0.0694      4.0000      6.4964
    18.9394      0.1147      2.0000     17.7332
    19.2365      0.0840      4.0000     32.8553
    18.6809      0.0423      4.0000      0.0473
    18.7620      0.0862      3.0000      1.7668
    18.6926      0.0486      4.0000      0.6431
    18.6235      0.0809      3.0000      7.4860
    18.5925      0.0400      4.0000      0.0352
    18.6282      0.0411      4.0000      0.1238
    18.7226      0.0873      3.0000      6.8590
    18.8249      0.1134      3.0000      0.1856
    18.6878      0.0877      3.0000      2.1202
    19.1089      0.1321      2.0000      1.9577
    18.9105      0.1067      4.0000      1.5354
    18.8164      0.0788      4.0000      2.1387
    19.3686      0.1248      4.0000      3.1530
    18.7525      0.0450      4.0000      0.3899
    18.7441      0.0757      4.0000      1.5810
    18.8200      0.1600      1.0000      1.0000
    18.8889      0.0785      4.0000      2.5687
    18.8503      0.0753      4.0000     10.2907
    18.4200      0.1300      1.0000      1.0000
    19.1000      0.1800      1.0000      1.0000
    18.6034      0.0724      4.0000      0.7065
    18.4644      0.0684      4.0000      0.8904
    16.9200      0.0636      2.0000      1.5802
    18.7400      0.0450      4.0000      0.1481
    18.6540      0.0802      4.0000      1.9011
    18.7000      0.1400      1.0000      1.0000
    18.6134      0.0700      4.0000      8.9617
    18.7247      0.0658      4.0000      2.1734
    18.8274      0.0436      4.0000      2.2113
    18.7402      0.0668      4.0000      4.7048
    18.7184      0.0787      4.0000      0.1009
    18.7887      0.0835      4.0000      0.2792
    18.5895      0.0779      4.0000      3.3151
    18.5835      0.0784      4.0000      0.3165
    18.7317      0.0778      4.0000      2.5030
