    20.9306      0.3533      2.0000      0.0072
    20.0361      0.2135      2.0000      0.4132
    20.0577      0.2178      2.0000      0.3098
    20.1700      0.3700      1.0000      1.0000
    20.3500      0.3700      1.0000      1.0000
    19.4404      0.1590      2.0000      0.0159
    20.1360      0.0709      4.0000      0.7513
    20.3669      0.2463      2.0000      0.2413
    19.9200      0.2800      1.0000      1.0000
    20.1354      0.0707      4.0000      1.2681
    19.9100      0.2900      1.0000      1.0000
    20.7500      0.4800      1.0000      1.0000
    20.3100      0.3800      1.0000      1.0000
    20.8500      0.2829      2.0000      2.0978
    20.7245      0.0974      4.0000      2.5405
    20.7459      0.0935      4.0000      2.1718
    20.9320      0.1038      4.0000      2.7733
    21.0300      0.5300      1.0000      1.0000
    21.0618      0.1035      4.0000      1.1867
    21.3423      0.1497      4.0000      1.4585
    21.5818      0.2553      2.0000      2.7194
    20.9074      0.1310      4.0000      0.1263
    20.8144      0.1186      3.0000      2.3979
    20.9416      0.1016      4.0000      0.5858
    20.8036      0.0990      4.0000      7.9577
    20.9801      0.1004      4.0000      0.7009
    20.9652      0.1017      4.0000      0.6717
    20.8739      0.2513      2.0000      2.7039
    20.7700      0.4101      2.0000      0.0006
    21.1730      0.1324      3.0000      4.3872
    21.3266      0.1320      4.0000      1.1005
    21.0438      0.1321      3.0000      0.4454
    21.0379      0.1060      4.0000      0.8917
    20.8686      0.1723      2.0000      0.6728
    21.7092      0.1531      3.0000      7.2388
    21.4278      0.1299      4.0000      0.5563
    20.8400      0.4600      1.0000      1.0000
    21.2197      0.1258      4.0000      1.0843
    20.4100      0.3600      1.0000      1.0000
    20.4119      0.1770      3.0000      5.8471
    20.4903      0.2405      2.0000      4.6705
    21.1722      0.1234      4.0000      1.5554
    19.8200      0.2300      1.0000      1.0000
    19.1000      0.1900      1.0000      1.0000
    20.9800      0.1127      4.0000      1.4348
    20.8222      0.1249      2.0000      5.7170
    20.3200      0.2900      1.0000      1.0000
    21.0700      0.5500      1.0000      1.0000
    20.6100      0.4300      1.0000      1.0000
    20.5507      0.1077      3.0000      0.2132
