 53532.4275     18.4231      0.0681      4.0000      6.9099
 53553.4234     18.7420      0.0812      4.0000      0.8572
 53637.2538     19.5500      0.2400      1.0000      0.0000
 53644.2516     18.5968      0.0737      4.0000      0.7378
 53669.2665     18.6959      0.1196      2.0000      0.0160
 53670.2058     18.5903      0.0737      4.0000      2.0445
 53675.1841     18.8250      0.0450      4.0000      2.0370
 53702.0911     18.6602      0.0722      4.0000     12.7177
 53729.1177     18.8463      0.0796      4.0000     13.3829
 53742.0940     18.4954      0.0707      4.0000      5.4986
 53905.4473     18.4764      0.2183      3.0000      1.5906
 53940.3461     18.7149      0.0917      4.0000      2.8775
 53976.2896     18.6693      0.0721      4.0000      5.5110
 53990.3576     18.7472      0.0759      4.0000      3.2710
 53997.2354     18.4655      0.0661      4.0000      2.5574
 54024.1552     18.5480      0.0686      4.0000      0.3674
 54030.2161     18.6793      0.0704      4.0000      7.4433
 54052.1406     18.5643      0.0674      4.0000      3.3155
 54058.1383     18.7350      0.0450      4.0000      1.2469
 54080.1693     18.6379      0.0719      4.0000      3.8220
 54116.0863     18.9046      0.0807      4.0000      2.9665
 54247.4571     18.4767      0.0757      4.0000      4.5997
 54264.4354     18.3627      0.0686      4.0000      1.7937
 54346.3614     18.7436      0.0759      4.0000      4.9422
 54353.2603     18.5370      0.0697      4.0000      1.8421
 54380.2104     18.5093      0.0697      4.0000      2.5712
 54388.1703     18.5964      0.0835      4.0000      2.4233
 54416.1396     18.7764      0.0368      8.0000      2.9375
 54438.1153     18.6430      0.0697      4.0000      2.5913
 54454.1078     19.0315      0.0830      4.0000     10.0937
 54465.0850     18.5862      0.0697      4.0000      3.5964
 54475.0896     18.5907      0.0704      4.0000      8.0804
 54483.0796     18.7900      0.0450      4.0000      7.5556
 54628.4159     18.6063      0.0734      4.0000      2.5134
 54648.3900     18.4175      0.0707      4.0000      5.5115
 54676.4323     18.7632      0.0461      4.0000      0.2150
 54729.3313     18.3685      0.0627      4.0000     75.6911
 54734.3110     18.7897      0.0436      4.0000      1.6028
 54747.2090     18.8200      0.0450      4.0000      1.0617
 54767.2026     18.6917      0.0724      4.0000      0.6790
 54790.1308     18.6677      0.0709      4.0000      4.2236
 54800.0919     18.6525      0.0704      4.0000      9.7670
 54832.1118     18.8761      0.0473      4.0000      2.5844
 54979.4462     18.7472      0.0798      4.0000      1.9234
 55042.3374     18.4906      0.0852      4.0000      5.1303
 55059.4352     18.4920      0.0611      4.0000      1.5831
 55071.2980     18.6147      0.1051      3.0000      2.4686
 55074.2761     18.9814      0.1480      2.0000      7.0623
 55084.3449     18.5162      0.1177      2.0000      5.4132
 55091.2432     18.7500      0.0450      4.0000      0.2222
 55101.2809     18.3254      0.0911      2.0000      2.2601
 55118.1588     18.6100      0.1500      1.0000      0.0000
 55126.1942     18.8500      0.1600      1.0000      0.0000
 55127.2231     18.7925      0.0450      4.0000      1.5895
 55146.1568     18.5386      0.0712      4.0000      0.5099
 55157.1006     18.3640      0.0642      4.0000     11.4961
 55181.0591     19.0326      0.1058      4.0000      5.0195
 55202.0801     18.6035      0.0848      4.0000      1.1924
 55347.4443     18.6388      0.0747      4.0000      3.3535
 55358.4211     18.3538      0.0653      4.0000      9.0313
 55364.4306     18.3135      0.0634      4.0000      4.6360
 55368.4136     18.4226      0.0668      4.0000      5.9040
 55382.4358     18.5442      0.0862      4.0000      0.7418
 55441.3969     18.6475      0.0400      4.0000      1.1680
 55450.2953     18.5960      0.0804      3.0000      4.4980
 55469.2744     18.4800      0.0797      3.0000      5.7767
 55481.2451     18.5563      0.0356      7.0000     13.2202
 55498.1739     18.6325      0.0400      4.0000      0.7617
 55512.1493     18.5559      0.0407      6.0000      6.4875
 55528.1598     18.5208      0.0978      3.0000      0.8182
 55563.1068     18.5594      0.0887      4.0000      4.1713
 55569.0882     18.5148      0.0719      4.0000      5.0991
 55574.0843     18.3806      0.0803      4.0000     12.4910
 55722.4506     18.6950      0.0450      4.0000      0.0617
 55822.2717     18.6553      0.0734      4.0000      3.6752
 55835.2260     18.5500      0.0373      8.0000     13.4646
 55850.2505     18.6788      0.1026      4.0000      7.5940
 55862.1466     18.3441      0.0627      4.0000     13.7885
 55892.1200     18.3513      0.0647      4.0000      3.5303
 55928.0944     18.3454      0.0627      4.0000     74.9283
 56096.4206     18.4791      0.0697      4.0000      4.2488
 56126.4570     18.3177      0.0647      4.0000      2.4586
 56151.3796     18.3367      0.0674      4.0000      0.4714
 56164.3939     18.0015      0.0539      4.0000    182.4601
 56188.2337     18.5875      0.0450      4.0000      0.6512
 56205.1828     18.4781      0.0709      4.0000      2.1127
 56221.2810     18.2770      0.0586      4.0000      5.4243
 56237.1453     18.3496      0.0586      4.0000      1.4428
 56258.1908     18.5625      0.0400      4.0000      1.0117
 56299.1259     18.5525      0.0450      4.0000      0.1574
 56464.4069     18.2819      0.0661      4.0000      1.3070
 56532.3539     18.1337      0.0636      4.0000      0.4489
 56538.3622     18.1908      0.0661      4.0000      2.4125
 56549.2957     18.0406      0.0634      4.0000      5.9266
 56558.2367     18.1459      0.0611      4.0000      0.2650
