 53532.4263     20.0752      0.1560      3.0000     16.6968
 53553.4234     20.3764      0.1638      4.0000      9.7636
 53627.2430     19.4900      0.2600      1.0000      0.0000
 53637.2603     19.3300      0.2100      1.0000      0.0000
 53644.2559     20.1980      0.1699      3.0000     15.3735
 53670.2090     20.0934      0.1665      3.0000      3.2179
 53675.1841     19.7400      0.0600      4.0000      0.4583
 53702.0900     19.2749      0.1102      3.0000     10.3018
 53729.1131     19.6613      0.1658      2.0000      2.4501
 53742.0820     20.5600      0.3900      1.0000      0.0000
 53940.3541     20.6400      0.5400      1.0000      0.0000
 53976.2896     19.8034      0.1110      4.0000     14.9134
 53990.3568     19.7700      0.1403      3.0000      1.9873
 53997.2354     19.6731      0.1114      4.0000      6.0970
 54024.1552     20.1776      0.1143      4.0000     57.0997
 54030.2161     19.7974      0.1175      4.0000      7.7409
 54052.1406     20.4250      0.2376      2.0000      0.5316
 54058.1383     19.7225      0.0600      4.0000      0.4080
 54080.1660     20.3709      0.2275      2.0000      2.1027
 54116.0887     20.4100      0.3500      1.0000      0.0000
 54264.4381     20.2802      0.1822      3.0000      6.0074
 54346.3530     20.1003      0.2078      2.0000      0.2586
 54353.2555     19.8358      0.1451      3.0000      4.4231
 54380.2139     20.5617      0.1905      3.0000     10.4861
 54388.1672     20.4600      0.2830      2.0000      3.1378
 54404.1418     20.6200      0.3900      1.0000      0.0000
 54416.1388     20.0134      0.0564      9.0000      5.9861
 54438.1121     20.0458      0.1868      2.0000      2.5423
 54454.1013     19.4388      0.1387      2.0000      5.8905
 54465.0850     20.4663      0.2472      2.0000      0.0333
 54475.0848     20.1931      0.2178      2.0000      0.3361
 54483.0796     20.2747      0.0715      4.0000     33.1145
 54628.4147     20.6744      0.2027      3.0000     16.6880
 54648.3900     20.4979      0.2110      2.0000     23.1661
 54676.4323     19.9463      0.0734      4.0000      2.4782
 54729.3203     19.7600      0.2500      1.0000      0.0000
 54734.3110     19.9312      0.0636      4.0000      0.4766
 54747.2090     20.0266      0.0737      4.0000      0.8218
 54767.2026     20.1661      0.2042      2.0000      1.2412
 54790.1191     18.8800      0.1600      1.0000      0.0000
 54800.0906     19.8386      0.1388      3.0000      3.7383
 54832.1118     19.7815      0.0644      4.0000      8.3561
 54979.4493     20.0702      0.1681      3.0000      4.3733
 55042.3433     20.0404      0.2438      2.0000      3.2176
 55059.4292     20.3158      0.2007      2.0000      0.3046
 55071.3016     20.8900      0.6100      1.0000      0.0000
 55084.3424     19.9677      0.2474      2.0000      0.5550
 55091.2432     20.1216      0.0724      4.0000      0.4674
 55101.2761     20.3933      0.1469      3.0000     69.1023
 55126.1823     20.1075      0.2118      2.0000      0.1261
 55127.2231     20.1024      0.0734      4.0000      1.3527
 55146.1613     19.4000      0.2100      1.0000      0.0000
 55157.0972     20.0766      0.2047      2.0000      0.0486
 55181.0569     19.7000      0.3100      1.0000      0.0000
 55202.0720     20.2800      0.4100      1.0000      0.0000
 55347.4339     20.0000      0.2900      1.0000      0.0000
 55358.4148     20.1789      0.2291      2.0000      0.1391
 55364.4306     20.2202      0.1482      4.0000     10.8966
 55368.4110     19.8023      0.1431      3.0000      8.5702
 55382.4385     19.5400      0.1965      2.0000      0.5206
 55441.3969     20.1350      0.0700      4.0000      0.3724
 55450.2867     20.4300      0.3400      1.0000      0.0000
 55481.2506     20.2607      0.0724      4.0000      1.7259
 55498.1739     20.2334      0.0737      4.0000      0.2978
 55512.1323     20.3115      0.0760      5.0000      5.7078
 55528.1484     20.4900      0.4800      1.0000      0.0000
 55574.0879     20.0100      0.3800      1.0000      0.0000
 55722.4506     20.1137      0.0737      4.0000      0.4038
 55835.2093     20.1271      0.0795      5.0000      4.3501
 55850.2625     19.6200      0.3500      1.0000      0.0000
 55862.1466     20.1607      0.1838      2.0000     13.6003
 56151.3796     20.3500      0.1697      4.0000      2.6064
 56164.3967     20.0373      0.2064      2.0000      0.5114
 56183.2665     19.5126      0.0942      2.0000    284.3213
 56188.2337     20.3545      0.0835      4.0000      1.2472
 56214.1614     19.5033      0.1252      2.0000     49.2677
 56221.2819     19.4679      0.1088      3.0000      1.8089
 56237.1410     19.8500      0.2200      1.0000      0.0000
 56258.1908     20.3647      0.0704      4.0000      9.9431
 56299.1259     20.3391      0.0862      4.0000      0.5868
 56532.3578     20.3400      0.3700      1.0000      0.0000
 56538.3689     20.4700      0.4100      1.0000      0.0000
