 53532.4313     18.8345      0.0824      4.0000      0.7301
 53552.4252     18.7392      0.0798      4.0000      1.4722
 53553.4224     18.8257      0.0835      4.0000      1.9737
 53644.2511     18.6813      0.0784      4.0000      2.6584
 53673.2007     19.0753      0.0473      4.0000     10.3613
 53675.1862     18.7342      0.0758      4.0000     10.8887
 53702.0938     18.7315      0.0738      4.0000     27.6993
 53704.1290     19.0263      0.0470      4.0000     15.8953
 53725.1234     18.8627      0.0812      4.0000      9.0646
 53744.0806     19.7385      0.1455      3.0000      5.6576
 53906.4308     19.1567      0.0970      4.0000     15.1945
 53937.3944     18.8491      0.0872      4.0000      2.7050
 53975.3120     18.9397      0.0796      4.0000     12.4517
 53990.3581     18.8744      0.0798      4.0000      2.0514
 53997.2359     18.7553      0.0727      4.0000      7.6426
 54010.1906     20.2204      0.0499      6.0000    411.7235
 54024.1557     18.8978      0.0770      4.0000     12.0528
 54028.2803     19.5209      0.0469      5.0000    137.7669
 54030.2199     18.7930      0.0747      4.0000      2.6993
 54050.1710     18.7221      0.0724      4.0000      1.1678
 54053.1011     19.6217      0.0485      5.0000    176.4128
 54081.1543     18.6075      0.0700      4.0000     21.5401
 54094.0963     18.9209      0.0795      4.0000      1.4970
 54109.0914     18.8832      0.0843      4.0000      5.8773
 54264.4349     18.9135      0.0859      4.0000      2.2742
 54346.3308     18.7300      0.1500      1.0000      0.0000
 54353.2598     19.0882      0.0882      4.0000      7.7427
 54388.1707     19.0917      0.1071      4.0000      1.5282
 54415.0953     19.8507      0.0460      6.0000    204.6047
 54421.1157     19.9074      0.1232      3.0000     45.9311
 54438.1095     18.7715      0.0734      4.0000     16.6210
 54449.0662     19.3861      0.0877      4.0000     33.3252
 54454.1105     18.5490      0.0797      3.0000      7.1006
 54465.0834     19.1908      0.0896      4.0000      1.3949
 54466.1360     19.1176      0.0573      4.0000      4.3564
 54475.0870     19.0860      0.0834      4.0000     24.8000
 54628.4154     18.9946      0.0859      4.0000      7.6713
 54675.4482     19.5675      0.0820      4.0000     15.9614
 54716.3330     19.3623      0.0520      8.0000     15.7155
 54729.3297     19.1827      0.0873      4.0000     23.6765
 54730.2423     20.0149      0.0544      5.0000    245.0891
 54731.2314     19.0632      0.0473      4.0000     11.4605
 54740.2557     20.0400      0.2900      1.0000      0.0000
 54747.1869     19.6870      0.0518      5.0000    105.1948
 54763.1637     19.6679      0.0482      5.0000    127.8218
 54769.1783     19.2629      0.1256      2.0000     16.6298
 54790.1312     19.2122      0.0392      9.0000    145.1563
 54821.1181     18.7111      0.0694      4.0000     20.6069
 55058.3610     18.5458      0.0624      4.0000      1.9097
 55084.3508     18.4700      0.1700      1.0000      0.0000
 55094.2394     18.6750      0.0450      4.0000      4.2099
 55101.2585     18.9000      0.1700      1.0000      0.0000
 55118.1582     18.2700      0.1300      1.0000      0.0000
 55127.2227     19.4064      0.0439      5.0000    323.1571
 55151.0896     18.3806      0.0647      4.0000      2.5611
 55156.1090     19.5787      0.0424      6.0000    523.7856
 55175.0923     18.5425      0.0697      4.0000      5.1375
 55202.0788     18.3842      0.0721      4.0000     52.8898
 55364.4266     18.4048      0.0674      4.0000      3.8418
 55368.4121     18.3600      0.0751      3.0000      0.2249
 55383.3812     18.1286      0.0598      4.0000     33.0755
 55442.2992     19.5053      0.0393      5.0000    636.9542
 55450.2959     18.6167      0.0808      3.0000      0.3095
 55457.2595     20.0973      0.0471      7.0000    785.2417
 55468.3079     18.6277      0.0842      3.0000      3.9076
 55480.2892     18.5450      0.0400      4.0000      1.8906
 55497.1951     19.3294      0.0410      5.0000    288.9052
 55509.1119     18.4450      0.0804      3.0000      3.2051
 55527.1717     18.3598      0.0890      3.0000      7.9272
 55532.1216     18.5457      0.0804      3.0000      3.7835
 55539.1059     18.6221      0.0939      2.0000     34.1358
 55563.1044     19.0742      0.1097      4.0000     16.8309
 55569.0899     18.5483      0.0724      4.0000      0.2311
 55574.0875     18.8456      0.0953      4.0000     20.1552
 55822.3062     18.5043      0.0674      4.0000      0.6664
 55828.2842     19.6941      0.0427      6.0000    501.2392
 55849.2266     18.5255      0.0797      3.0000     11.7685
 55862.1483     18.5916      0.0691      4.0000     12.5741
 55881.1182     18.6876      0.0722      4.0000     15.6354
 55892.0988     18.8715      0.0891      3.0000     14.8759
 56096.4200     18.6603      0.0747      4.0000      3.3373
 56126.4576     18.5332      0.0709      4.0000      2.1276
 56151.3790     18.6417      0.0740      4.0000     10.6021
 56163.3490     17.7053      0.0564      3.0000    232.2837
 56185.3582     18.7075      0.0450      4.0000      0.8735
 56206.1834     18.6241      0.0787      4.0000      3.9719
 56216.1869     19.8976      0.0431      6.0000    711.5831
 56221.2832     18.5472      0.0882      2.0000      0.3922
 56233.1399     18.7028      0.0757      4.0000      3.6083
 56238.1349     18.6731      0.0644      4.0000      7.5534
 56258.1894     18.6694      0.0411      4.0000      6.5669
 56272.1273     18.4508      0.0597      4.0000      6.3980
 56462.4386     18.5376      0.0734      4.0000      3.3841
 56532.3534     18.2822      0.0670      4.0000      3.7284
 56538.3616     18.6044      0.0778      4.0000      5.6795
 56548.3577     19.5983      0.0519      4.0000    248.2933
 56549.2962     18.4700      0.0731      4.0000      3.6234
 56558.2395     18.7413      0.0758      4.0000     18.5413
