 53532.4313     19.6213      0.1205      4.0000      2.3391
 53552.4252     20.0981      0.1559      4.0000      1.7610
 53553.4224     19.4638      0.1113      4.0000      5.7492
 53627.2395     19.6000      0.1921      2.0000      0.7684
 53637.2533     19.7196      0.1307      3.0000     15.6737
 53644.2511     19.7459      0.1311      4.0000      1.4729
 53673.2007     19.4959      0.0547      4.0000      4.0935
 53675.1852     19.8776      0.1353      3.0000     19.5661
 53702.0938     19.3473      0.1004      4.0000      2.0488
 53704.1290     19.6321      0.0586      4.0000      1.2917
 53725.1247     19.7005      0.1409      3.0000      1.5692
 53906.4308     19.7513      0.1268      4.0000     10.3217
 53937.3944     19.4392      0.1177      4.0000      1.1969
 53975.3120     19.5487      0.1035      4.0000      6.5426
 53990.3557     20.3182      0.1739      3.0000      6.7635
 53997.2359     19.4531      0.1025      4.0000      3.7880
 54010.1898     19.5804      0.0597      4.0000      1.2290
 54024.1557     19.4404      0.0991      4.0000      7.7362
 54028.2808     19.4942      0.0561      4.0000      1.5182
 54030.2228     19.8300      0.1421      3.0000      0.3606
 54050.1710     19.6629      0.1085      4.0000      9.6076
 54053.1032     19.4604      0.0573      4.0000      0.8600
 54081.1552     19.6285      0.1236      3.0000     10.5284
 54094.0948     19.4031      0.1168      3.0000      0.7880
 54264.4349     19.4657      0.1122      4.0000      0.6077
 54346.3216     19.6386      0.1122      4.0000      5.4674
 54353.2598     19.3410      0.1024      4.0000      4.4402
 54388.1707     19.4763      0.1264      4.0000      5.2635
 54404.1401     19.0600      0.1700      1.0000      0.0000
 54415.0953     19.3320      0.0511      4.0000      0.1393
 54421.1127     19.2549      0.0931      4.0000     13.6805
 54438.1095     19.4693      0.0972      4.0000     23.4093
 54449.0662     19.6961      0.1467      2.0000     19.2883
 54454.1073     19.5193      0.1551      2.0000      0.3791
 54465.0834     19.6322      0.1103      4.0000      3.8810
 54466.1360     19.4330      0.0624      4.0000      1.8847
 54475.0846     19.7173      0.1315      3.0000      6.6383
 54628.4154     19.5829      0.1104      4.0000     12.2862
 54675.4434     19.3520      0.0882      2.0000      0.3241
 54716.3330     19.3489      0.0517      8.0000      3.3049
 54729.3297     19.3584      0.1004      4.0000      2.5061
 54730.2403     19.2194      0.0609      3.0000      0.6384
 54731.2314     19.2750      0.0500      4.0000      2.0100
 54740.2374     19.6982      0.1148      4.0000     10.8703
 54747.1874     19.2425      0.0550      4.0000      1.0640
 54763.1661     19.3350      0.0500      4.0000      0.1700
 54769.1746     19.2482      0.0946      4.0000      1.3279
 54790.1301     19.4458      0.0452      8.0000     16.3161
 54821.1181     19.3014      0.0940      4.0000      2.2507
 55058.3610     19.4200      0.0903      4.0000      5.0026
 55072.2806     19.6504      0.1274      4.0000     22.0548
 55084.3442     19.4975      0.1487      3.0000      6.9899
 55094.2394     19.4566      0.0586      4.0000      0.6962
 55101.2464     20.1851      0.1176      4.0000     64.2872
 55118.1462     19.7778      0.1229      4.0000      2.2976
 55126.1846     19.7715      0.1252      4.0000      1.4454
 55127.2244     19.4391      0.0561      4.0000      0.5523
 55151.0896     19.5040      0.1080      4.0000      1.5717
 55156.1113     19.5467      0.0608      4.0000      1.2491
 55175.0923     19.6426      0.1104      4.0000     17.4070
 55202.0815     19.7641      0.1575      3.0000     11.7240
 55364.4266     20.0930      0.1441      4.0000      3.2749
 55368.4104     19.9494      0.1606      3.0000      1.8000
 55383.3801     19.9081      0.1524      3.0000      5.3031
 55442.2998     19.6545      0.0586      4.0000      1.4296
 55450.2950     19.6722      0.1608      2.0000      0.7865
 55457.2578     19.7182      0.0697      4.0000      2.7873
 55468.3033     19.9344      0.1847      2.0000      2.9223
 55480.2892     19.6875      0.0600      4.0000      0.2274
 55497.1946     19.6135      0.0573      4.0000      3.1223
 55509.1119     19.7611      0.1520      3.0000      0.1898
 55527.1706     20.2999      0.2351      2.0000     12.8583
 55532.1267     20.5959      0.2588      2.0000      2.4605
 55539.1145     19.6900      0.2400      1.0000      0.0000
 55563.0955     19.9400      0.3800      1.0000      0.0000
 55822.3062     19.4948      0.1480      2.0000      0.4618
 55828.2842     19.5847      0.0611      4.0000      1.2537
 55834.2203     19.6182      0.1262      3.0000      6.3216
 55849.2243     19.5249      0.1227      3.0000      3.0879
 55862.1483     19.5028      0.1076      4.0000      2.4444
 55881.1182     19.5970      0.1035      4.0000     23.9084
 55892.0997     19.8956      0.1280      4.0000      3.9553
 56096.4200     19.8669      0.1176      4.0000     21.6575
 56126.4576     19.7525      0.1082      4.0000     26.5972
 56151.3790     19.5905      0.1171      4.0000      2.4756
 56163.3500     19.9121      0.1395      4.0000     11.9323
 56185.3582     19.6024      0.0611      4.0000      1.7069
 56195.2909     19.8187      0.1580      2.0000      0.6916
 56206.1821     19.9949      0.1440      3.0000     28.7493
 56214.1742     19.8668      0.1455      3.0000      5.2160
 56216.1892     19.6084      0.0624      4.0000      1.8872
 56221.2803     19.7956      0.1069      4.0000     11.5153
 56233.1357     19.7704      0.1802      2.0000      0.0123
 56238.1349     19.5792      0.0985      4.0000      1.0196
 56258.1894     19.7794      0.0586      4.0000      4.6047
 56272.1300     19.9329      0.1308      3.0000      5.7183
 56462.4394     19.3922      0.1248      3.0000      0.1508
 56532.3534     19.6029      0.1231      4.0000      2.8272
 56538.3616     19.6345      0.1275      4.0000      3.3304
 56548.3557     19.5167      0.0693      3.0000      0.4491
 56549.2999     19.3795      0.1513      2.0000      4.0120
 56558.2420     19.8776      0.1157      5.0000      7.3720
