 53532.4263     20.0949      0.1801      3.0000      0.2849
 53553.4234     20.1379      0.1592      4.0000      0.4566
 53644.2516     19.8156      0.1336      4.0000      1.1330
 53669.2665     19.5794      0.1794      2.0000      1.8977
 53670.2058     20.0890      0.1490      4.0000      0.8402
 53675.1841     19.7625      0.0600      4.0000      0.3524
 53702.0922     17.9641      0.0503      3.0000   1736.4870
 53729.1154     19.6714      0.1723      2.0000      0.3784
 53742.0900     19.8379      0.1238      3.0000     68.8628
 53940.3470     19.5227      0.1498      3.0000      9.6757
 53976.3006     19.0600      0.1700      1.0000      0.0000
 53990.3576     20.4025      0.1347      4.0000     67.9760
 53997.2354     19.3281      0.0954      4.0000      3.6862
 54030.2220     19.5921      0.1461      2.0000      5.4216
 54052.1439     19.7757      0.1467      2.0000     16.6313
 54058.1383     19.7475      0.0600      4.0000      0.1441
 54080.1660     19.8862      0.1865      2.0000      0.3535
 54353.2603     19.3819      0.0829      4.0000    117.8842
 54388.1672     20.1660      0.2496      2.0000      2.7668
 54416.1396     19.7821      0.0559      7.0000      7.5601
 54438.1153     19.8248      0.1111      4.0000     30.5442
 54465.0850     19.0171      0.1196      2.0000      1.0243
 54483.0796     19.8465      0.0611      4.0000      3.9863
 54628.4147     19.5757      0.1220      3.0000     15.8071
 54648.3890     19.8900      0.1648      3.0000      1.8633
 54676.4323     19.7871      0.0686      4.0000      1.0565
 54729.3350     19.2695      0.1294      2.0000      7.9775
 54734.3110     19.8569      0.0611      4.0000      1.1968
 54747.2090     19.8451      0.0661      4.0000      1.4080
 54790.1308     19.6158      0.0966      4.0000     92.5911
 54800.0919     19.6553      0.1123      4.0000      0.4344
 54832.1118     19.7544      0.0647      4.0000      2.0921
 54979.4472     18.9967      0.1015      3.0000     11.4184
 55042.3364     20.1796      0.2208      3.0000      4.2616
 55059.4342     19.2784      0.0972      3.0000      3.3194
 55091.2432     19.7822      0.0624      4.0000      0.7908
 55127.2231     19.7723      0.0647      4.0000      5.2112
 55157.1005     19.2421      0.1294      2.0000      7.2989
 55358.4243     19.3221      0.1157      3.0000      6.9367
 55364.4306     19.3270      0.1003      4.0000      2.0115
 55382.4371     19.4239      0.1515      3.0000      0.2931
 55441.3969     19.6361      0.0573      4.0000      0.3136
 55450.2953     19.6919      0.1325      3.0000      0.1623
 55469.2744     19.5338      0.1308      3.0000      0.0487
 55481.2451     19.5402      0.0526      7.0000     15.2202
 55498.1739     19.7600      0.0600      4.0000      0.9306
 55512.1135     19.6742      0.0624      4.0000      2.8887
 55563.1100     18.2800      0.1600      1.0000      0.0000
 55569.0882     19.4373      0.1068      4.0000      1.6140
 55722.4506     19.7047      0.0611      4.0000      1.6426
 55822.2833     19.7600      0.2400      1.0000      0.0000
 55835.1939     19.7404      0.0661      4.0000      1.8002
 55850.2465     19.5300      0.3300      1.0000      0.0000
 55862.1479     19.6868      0.1350      3.0000      2.2277
 56096.4206     19.5453      0.1590      2.0000      0.0089
 56126.4570     19.8482      0.1213      4.0000     13.9358
 56151.3814     19.5322      0.1622      2.0000      0.0960
 56188.2337     19.5575      0.0600      4.0000      0.7274
 56205.1828     19.9397      0.1342      4.0000      7.7207
 56237.1453     19.5865      0.0956      4.0000      5.5767
 56258.1908     19.5481      0.0523      4.0000      5.3741
 56299.1259     19.5275      0.0600      4.0000      0.9358
 56464.4001     19.5400      0.2400      1.0000      0.0000
 56532.3539     19.1535      0.0855      4.0000    120.4433
 56538.3622     20.0359      0.1508      4.0000      7.4938
 56549.2993     19.4186      0.1480      2.0000      8.6951
 56558.2325     16.4780      0.0527      2.0000     43.8382
