    20.1900      0.3300      1.0000      1.0000
    20.9621      0.3616      2.0000      0.0862
    20.3657      0.0759      4.0000      0.7550
    19.2400      0.1900      1.0000      1.0000
    20.3745      0.0824      4.0000      0.2254
    18.9800      0.1700      1.0000      1.0000
    21.0600      0.5800      1.0000      1.0000
    20.0700      0.1831      2.0000      5.0103
    20.4134      0.2275      2.0000      1.9041
    19.9902      0.0707      4.0000      1.2361
    20.7142      0.2496      2.0000      4.5565
    19.9717      0.0674      4.0000      0.1753
    20.1197      0.1600      3.0000      2.0863
    19.6778      0.1622      2.0000      0.1622
    20.0091      0.0697      4.0000      0.5610
    19.9700      0.2800      1.0000      1.0000
    18.7700      0.1500      1.0000      1.0000
    20.2524      0.2355      2.0000      0.6957
    20.4922      0.1867      2.0000     39.4221
    20.3871      0.1941      3.0000      0.4216
    20.2477      0.2120      2.0000      5.5318
    19.7400      0.2400      1.0000      1.0000
    20.1044      0.0671      4.0000      0.3620
    20.5200      0.3800      1.0000      1.0000
    20.1800      0.3000      1.0000      1.0000
    20.3436      0.2305      2.0000      0.4410
    20.0134      0.0788      4.0000      2.5609
    20.5811      0.1562      2.0000      0.9147
    20.5475      0.1080      4.0000      0.3616
    20.6900      0.4100      1.0000      1.0000
    20.5298      0.1012      3.0000      1.1012
    20.5810      0.0862      4.0000      0.0702
    20.1100      0.3000      1.0000      1.0000
    20.4144      0.0874      4.0000      0.2161
    20.3318      0.0759      4.0000      1.1386
    20.4004      0.2376      2.0000      0.5634
    20.4197      0.0684      6.0000      3.2166
    19.8479      0.1099      4.0000      1.3196
    20.0859      0.0737      4.0000      0.2602
    20.1500      0.3100      1.0000      1.0000
    20.9400      0.4800      1.0000      1.0000
    20.2662      0.2233      2.0000      1.1114
    20.2594      0.0809      4.0000      0.4647
    19.8558      0.1499      3.0000      1.0240
    20.1724      0.0769      4.0000      0.3480
    20.3214      0.2220      2.0000      3.1388
    19.5000      0.2700      1.0000      1.0000
    20.4600      0.3700      1.0000      1.0000
    20.3329      0.2016      3.0000      0.0595
    19.9429      0.1497      3.0000      7.5391
    19.8712      0.0624      4.0000      0.7854
    20.0661      0.0824      4.0000      0.0838
    19.8531      0.1834      2.0000      0.1916
    19.8904      0.0636      4.0000      0.7186
    20.0285      0.0670      4.0000      1.8067
    19.8100      0.2600      1.0000      1.0000
    20.2864      0.1730      3.0000      4.3529
    20.2855      0.0830      4.0000      1.4558
    20.3300      0.3300      1.0000      1.0000
    20.6000      0.3900      1.0000      1.0000
    20.0357      0.1847      2.0000      5.7288
    20.8204      0.2790      2.0000      4.4035
    20.6849      0.0897      4.0000     12.9950
    20.5000      0.3900      1.0000      1.0000
    19.9400      0.2800      1.0000      1.0000
    20.5825      0.0932      4.0000      0.7265
    20.1848      0.1813      2.0000      4.3494
    20.5544      0.0781      4.0000      1.1769
    19.4509      0.1590      2.0000      0.0635
    19.8888      0.1597      3.0000      1.8212
    19.9358      0.0822      3.0000      1.7412
    20.0608      0.1735      3.0000      1.2586
