 53553.4234     20.3250      0.1395      4.0000     34.8485
 53637.2408     20.0800      0.3200      1.0000      0.0000
 53644.2431     19.8886      0.1992      2.0000      0.6285
 53670.2090     19.5690      0.1237      3.0000     13.1861
 53675.1841     19.9188      0.0636      4.0000      1.9115
 53702.0813     19.6600      0.2400      1.0000      0.0000
 53742.0900     19.6833      0.1693      2.0000      0.2253
 53940.3461     19.5968      0.1814      2.0000      7.2918
 53976.2896     19.8140      0.1220      4.0000      3.5756
 53990.3600     19.3700      0.1414      2.0000      0.0050
 53997.2354     19.8931      0.1271      4.0000      0.3258
 54024.1552     19.8382      0.1153      4.0000     10.2183
 54030.2152     19.7037      0.1289      3.0000      2.1149
 54052.1395     19.8481      0.1351      3.0000     10.0043
 54058.1383     19.7025      0.0600      4.0000      0.0608
 54264.4381     20.5826      0.2858      2.0000      0.0604
 54346.3614     19.8507      0.1147      4.0000     23.3260
 54353.2596     20.0324      0.1654      3.0000      2.1951
 54380.2139     20.1200      0.2900      1.0000      0.0000
 54388.1698     19.8166      0.1526      3.0000     26.8827
 54404.1418     20.2300      0.3100      1.0000      0.0000
 54416.1393     20.0180      0.0644      5.0000      0.6369
 54438.1185     20.1649      0.2042      2.0000      1.1309
 54454.0981     19.0900      0.1800      1.0000      0.0000
 54465.0850     20.5805      0.2479      2.0000      1.9567
 54483.0796     19.9646      0.0647      4.0000      2.7019
 54628.4147     20.1120      0.1653      3.0000      7.3726
 54648.3890     20.1493      0.1865      3.0000      3.1952
 54676.4323     20.0016      0.0762      4.0000      0.6951
 54729.3276     20.2300      0.3100      1.0000      0.0000
 54734.3110     20.0526      0.0674      4.0000      1.2040
 54747.2090     20.0141      0.0737      4.0000      0.6575
 54790.1426     19.8700      0.2500      1.0000      0.0000
 54800.0906     19.9153      0.1393      3.0000      9.4546
 54832.1118     20.0637      0.0734      4.0000      2.8520
 54979.4493     20.5300      0.4000      1.0000      0.0000
 55042.3403     20.0840      0.2608      2.0000      1.7155
 55059.4352     20.1862      0.1822      2.0000      0.6518
 55084.3472     20.1800      0.4000      1.0000      0.0000
 55091.2432     20.1603      0.0734      4.0000      4.2261
 55101.2883     21.0000      0.5000      1.0000      0.0000
 55118.1428     19.9156      0.1944      2.0000      0.0325
 55126.1823     20.5973      0.2661      2.0000      1.1919
 55127.2231     20.0725      0.0750      4.0000      0.0122
 55146.1433     20.5800      0.3900      1.0000      0.0000
 55157.0906     19.7300      0.2400      1.0000      0.0000
 55181.0658     19.5100      0.2700      1.0000      0.0000
 55202.0883     19.5600      0.2800      1.0000      0.0000
 55358.4180     20.9800      0.5100      1.0000      0.0000
 55364.4335     19.7604      0.1802      2.0000      0.0123
 55368.4136     20.1049      0.1457      4.0000      5.2636
 55382.4371     20.1331      0.2203      3.0000      0.9379
 55441.3969     19.9220      0.0636      4.0000      1.1846
 55450.3022     20.2900      0.3200      1.0000      0.0000
 55469.2820     20.4208      0.2519      2.0000      0.2755
 55481.2448     20.0275      0.0630      6.0000      2.4216
 55498.1739     19.9980      0.0674      4.0000      1.9227
 55512.1135     20.1371      0.0765      4.0000      4.7447
 55563.0978     19.9500      0.3700      1.0000      0.0000
 55569.0928     19.7121      0.1491      2.0000     21.9133
 55574.0879     20.3300      0.4500      1.0000      0.0000
 55722.4506     20.1395      0.0747      4.0000      0.5050
 55822.2833     19.5800      0.2200      1.0000      0.0000
 55835.2139     19.8765      0.0689      6.0000     27.0081
 55862.1479     19.9474      0.1509      3.0000      3.1897
 55892.1200     19.5718      0.1480      2.0000      6.1280
 56096.4240     19.9717      0.1588      3.0000      1.9768
 56126.4570     19.6744      0.1145      4.0000     10.4852
 56151.3796     19.8749      0.1346      4.0000      1.4232
 56164.3910     19.9239      0.1540      3.0000      4.4179
 56183.2579     19.8667      0.1336      3.0000      2.2057
 56188.2337     19.8324      0.0674      4.0000      1.5625
 56205.1789     20.1000      0.3100      1.0000      0.0000
 56214.1660     20.3425      0.2327      2.0000      1.3283
 56221.2867     19.9060      0.1661      2.0000      0.0736
 56237.1453     19.8910      0.1101      4.0000      7.2544
 56258.1908     19.9956      0.0621      4.0000      3.7994
 56299.1259     19.9561      0.0737      4.0000      0.3178
 56464.4046     20.0610      0.1849      2.0000     13.4975
 56532.3539     20.6043      0.1683      4.0000     25.6905
 56538.3614     19.8576      0.1630      3.0000      3.2837
 56549.2993     19.9299      0.1608      3.0000      4.9574
 56558.2381     20.0313      0.1730      3.0000      0.0855
