    19.6750      0.1253      4.0000      0.4504
    19.7200      0.2600      1.0000      1.0000
    20.1942      0.1890      3.0000      0.5161
    19.8344      0.1357      4.0000      0.4210
    19.7504      0.0608      4.0000      1.3472
    20.1476      0.1695      3.0000      1.7287
    19.5513      0.1590      2.0000      0.1428
    19.5521      0.0586      4.0000      1.6838
    20.0100      0.2051      2.0000      0.0000
    20.2310      0.1707      3.0000     12.2298
    21.0800      0.5900      1.0000      1.0000
    19.7730      0.1335      3.0000      1.6969
    19.9800      0.2700      1.0000      1.0000
    19.9159      0.0995      3.0000     95.2425
    19.8533      0.0643      4.0000     20.7398
    19.8128      0.1751      2.0000      0.8617
    20.0657      0.0697      4.0000      0.3592
    19.8749      0.1605      2.0000      9.5480
    20.1880      0.1652      3.0000      1.8907
    19.9033      0.0684      4.0000      1.5494
    19.9350      0.1909      2.0000      0.0062
    19.0000      0.1700      1.0000      1.0000
    20.0352      0.2156      2.0000      0.0048
    19.6377      0.1423      3.0000      0.0783
    19.8700      0.2600      1.0000      1.0000
    19.4883      0.1107      4.0000      0.2714
    19.5233      0.1289      4.0000      1.7406
    19.5104      0.0561      4.0000      0.5052
    19.7297      0.1390      3.0000      0.6384
    20.0014      0.1506      3.0000      1.6859
    20.4227      0.2084      2.0000      7.9365
    19.6121      0.1261      2.0000     59.5419
    19.9302      0.1873      2.0000      0.0029
    19.4571      0.0630      4.0000      2.9231
    19.7059      0.1348      3.0000      0.9471
    19.4962      0.1106      4.0000      1.4120
    19.3700      0.0919      2.0000      0.5799
    19.7465      0.0574      8.0000      5.4995
    18.0950      0.0550      4.0000    513.1708
    19.5589      0.0561      4.0000      0.2668
    19.5647      0.0611      4.0000      0.5892
    19.5475      0.0550      4.0000      0.2059
    19.7700      0.2400      1.0000      1.0000
    19.5277      0.0493      8.0000      0.8243
    19.4584      0.1139      3.0000      5.2480
    19.8221      0.1064      4.0000      2.0200
    19.6806      0.0636      4.0000      2.6210
    19.8080      0.0674      4.0000      0.5634
    20.1637      0.1504      3.0000     11.5737
    19.7409      0.0661      4.0000      0.9488
    19.4945      0.1551      2.0000      0.4201
    19.0881      0.1363      2.0000     15.4475
    20.3799      0.1910      2.0000     25.0943
    21.0800      0.5300      1.0000      1.0000
    20.1159      0.1570      2.0000     52.6649
    20.2375      0.0750      4.0000      0.0130
    20.5956      0.1012      4.0000      4.4160
    20.4383      0.0798      4.0000      0.3721
    20.3392      0.0762      4.0000      0.2201
    18.5700      0.1500      1.0000      1.0000
    20.7100      0.5500      1.0000      1.0000
    20.0000      0.2900      1.0000      1.0000
    19.8600      0.2700      1.0000      1.0000
    20.2714      0.3109      2.0000      0.0373
    20.5473      0.0912      4.0000      1.3641
    20.7700      0.4300      1.0000      1.0000
    19.7700      0.2600      1.0000      1.0000
    19.9033      0.1874      2.0000      1.3324
    19.8195      0.1520      3.0000      0.6286
    16.9800      0.0900      1.0000      1.0000
    20.5866      0.0790      5.0000      8.9629
    19.6651      0.1515      3.0000      2.2766
    19.9586      0.0712      4.0000      0.1394
    19.9900      0.2500      1.0000      1.0000
    19.7495      0.1480      2.0000      0.4168
    20.1322      0.0670      4.0000      1.1271
    20.4910      0.2138      2.0000      1.3639
    20.3630      0.1779      4.0000      0.5231
    19.8529      0.1395      4.0000      0.8860
    20.0114      0.2160      2.0000      1.5337
    18.9371      0.0733      4.0000     40.5097
    19.8436      0.1613      3.0000      2.7556
    19.2000      0.1900      1.0000      1.0000
