new_231408.02-011355.4_chain.dat 0.0999736549557 0.125019188461 0.165171440242 151.56828503 270.682800702 605.332758414
new_231413.86+002435.3_chain.dat 0.200081632198 0.223444015666 0.248781360831 0.0143787773321 0.0274152970958 0.0585893523147
new_231416.82-011411.5_chain.dat 0.292793195859 0.324993728515 0.361851287238 0.0902624020904 0.232654981539 0.926785668553
new_231425.13-010902.9_chain.dat 0.369065504684 0.388007608886 0.407623941262 0.00282547695697 0.00414889536261 0.00569524957561
new_231428.54-011331.9_chain.dat 0.417285736262 0.467200031206 0.526120114802 0.0539321202823 0.10770950058 0.625103367529
new_231435.45+010138.9_chain.dat 0.318627740424 0.3418858334 0.369710141725 0.00610282935776 0.00848060975533 0.0119082620257
new_231436.60+003405.9_chain.dat 0.347972716087 0.376752203599 0.408137607278 0.00968485517231 0.0139689555702 0.0216440724384
new_231444.74-011554.5_chain.dat 0.352882701751 0.375297733843 0.399253051242 0.0148071159481 0.0179120744587 0.0219835846019
new_231445.10+000837.0_chain.dat 0.204088098939 0.218640623122 0.235060040416 0.0126117442516 0.016085652862 0.0231561162831
new_231445.49-010735.6_chain.dat 0.565693460038 0.598957289469 0.639327612945 0.00503686934394 0.00653816380251 0.00822474379209
new_231446.49-000717.5_chain.dat 0.272602274643 0.296863591214 0.326406250379 0.0256007926615 0.0402084461938 0.574877818411
new_231453.63+004151.5_chain.dat 0.600758441636 0.649500902242 0.714044380679 0.0233269358124 0.0310286258152 0.0439106482798
